977515656
1071588904
211572672
1199369171
2133399492
1999225334
568393177
902239018
645193960
1821775933
2077165798
383927179
1435856587
375859375
1598779563
1327958333
5493831
437783952
1785939429
122063799
1557204490
1874288310
1062250019
1197751665
855935738
386826928
1070912318
572618455
1358598466
1982967811
388106359
2121961050
1848617470
1994358927
1946109739
1902715812
832952083
1998363299
1188467289
1175434223
1827055852
235054854
206941945
1103650548
1084627840
588358634
2144160081
1457470741
1188293403
1532106398
591675760
1944378089
327177790
1469470286
2062096096
678392209
2069021840
447601060
906068636
367923753
1066644065
41188490
2112845486
1080415835
1257605851
672210958
349715818
1461733389
1226357447
172697183
927732289
1364415034
1510073849
1419013364
1704472130
700329182
1325255002
375228108
265478707
456906251
1180496784
1654921424
315684936
780323353
1873419852
730290772
1437415294
802344187
2099286575
1999428540
1929282199
894219948
232038233
981456187
333884594
1094538439
483841168
360144823
493600134
1977848630
1966817034
934549961
61800251
1263222275
1945672920
1502337760
1982910437
1054395978
732433391
891434629
839241885
339203151
569139155
1729540536
1649519678
933540012
2068899810
985508986
908414905
857960099
190976058
1759977828
1352797718
1983951250
2017388360
1107721589
715180381
2140587908
831074798
121696745
1404297003
262148835
1795840080
1167835716
80487644
109124940
238949692
1767518318
1823802549
1971832187
668496435
1169344760
1671511715
1581390437
1575696920
679342460
1589744806
1667667301
1764207732
1987820323
16267301
1953531278
981195620
292363073
1842311916
1324260895
1251458592
94161946
361211331
892254740
425501224
716584904
1274566316
1213269721
2021278988
847668
968992952
889055257
556237017
886918978
730281862
1897727669
362353947
1639388681
457371737
1394678993
1647818388
994888255
1942889173
803418376
960442231
1013905076
1076405078
465638079
1208154721
1395153909
1919514861
165546391
1009869269
736123409
121778424
102877692
397725298
1329263736
305500765
318824667
1407421876
2017587710
498338403
73066608
53017443
2119744255
618384786
804124733
936875931
1505015709
1077953491
925098518
1040331641
2075004965
595329566
1953820249
1035140703
1113117072
1342840288
2036656444
490331621
781490213
1989632494
1012560703
2100828764
1832976956
139032252
1549641408
405146112
1369918749
1426176886
860505261
636486841
747478534
2080580465
374520404
76712590
921606475
490611837
1542746710
1022502567
286787992
1887121701
1389560506
506083581
18708818
877402070
1165421085
2044096672
171425820
716574295
1153805831
1410162852
804824694
1888086467
22301786
1853831593
71950719
1543347233
1334972900
1980912134
673237211
1425743796
1121397446
965874484
1020343822
703790693
1899927224
58891217
208458738
826009800
1867998056
1236843944
264257126
1071722008
1209418954
398594404
2013233872
443864826
1973909936
1577600881
901733212
1433940051
1739179677
1809751907
196231961
994830788
172297144
1441737734
998730304
527000003
1676085212
661917187
1723165845
1390827863
4717260
2130800427
477547494
450750831
1652684932
48736355
1968984241
32322528
815849386
1375837229
599364323
673180154
1581122852
1253699535
15862970
269509317
546948803
198339873
1450260939
1849727709
374757148
866350840
201221152
1148000231
1654273144
1740511787
1682235769
1131432367
873848033
247063870
1173594803
1927062240
726626653
555765939
2145589063
928858975
30415415
930750953
1734248169
1003531844
1484398200
924832430
1226711888
1385080181
1670103157
338995049
1909535765
738321633
767693186
902086109
510385845
659560278
449842884
871956123
484584625
1825963776
1460762916
72907527
1001525717
1852009343
1009121888
2076008964
733500565
235026339
1326991675
1771853119
610874460
101777173
890804145
385025430
199336663
1093708011
744369078
1049313626
1855580500
1967609963
1703802688
1362298697
781819805
470312852
5234419
406588969
74882295
552549635
1076538008
379533313
771588040
775198694
162527894
1951432613
797953362
356671896
806675072
1034941665
1015352221
1436860127
751327943
1691750718
789600115
1953020606
1832508304
601116532
1736579205
507806966
1788187297
1197969260
1163236779
1315626528
1491125876
799568111
1685343049
36367200
901257326
1755213553
311756237
1343704007
2082109481
2044536180
1639637588
1946347847
1430698478
1461701659
136318851
1564088091
632046299
1882445566
1334126128
1822839337
1122337268
1401827125
925424764
157895250
1269331681
938620211
1605196488
1742523772
677395661
1356212142
1850946340
1356817996
1327376736
119347040
155047989
572655199
1695769457
1062730967
2096455730
1567873571
992473817
1340481753
1404712456
266420308
2029632354
403923313
816282270
1737522959
914552031
1215397274
74119219
1159098516
2010042965
1527918983
866494946
1948713373
1755064919
1654295949
771094856
2074671957
985207407
772051374
677180476
871510775
509575096
1659549635
2017582269
1525209348
386539145
168408645
971740394
1519927840
1782166348
1809802680
1811777834
185803658
2073458284
1653756596
696113771
568515894
400424300
2033985169
1061464712
929237897
625304341
535408814
345017540
518142640
1837138120
566622814
1996110963
215233950
781855473
747794288
1212275640
342887072
1498841756
73712986
714218601
56328094
353865249
759425793
1912198415
136794096
1397582587
138930984
1445110793
1392192986
1786677943
1207257970
1574134480
210117030
1745456392
239800853
1756842836
1572307037
1191799031
520305694
927912326
1955484705
324908855
1551371866
587027183
319860778
887361431
1511869160
1761009277
2061109851
1166838672
1797453145
1686337118
1632064640
876781566
1061678977
1136741893
1337536295
667197420
1304254685
870688330
743452696
580344456
2061515424
118753710
2139936369
1902667317
941468252
543017660
2046584419
1049152191
1177431370
913819274
875923075
1624431786
462931510
290622815
242948301
896088995
548583434
1646343023
2047437116
795477528
98805492
849161153
335113215
504394723
1224630839
597274417
1785161048
569387553
1315913867
1784631698
465958166
1620513
243112242
267421419
1805393837
589618553
894993305
660732642
1325174511
94380338
1984407462
1157479479
393077865
669438499
1642891428
1561747047
6264668
953097307
27088073
2136953713
1329887319
1898409912
757654368
745660340
10720366
897932180
761539479
1392126455
243388953
421606303
1465654759
117311875
437404075
44953544
2123065883
803689579
692108140
912382293
782392320
194351084
1879704918
1440462611
535271592
1373045999
1464752745
1079593639
1184573018
1919376043
712953259
1458508034
984729881
269613415
819176127
1178490867
810900943
402167645
1430345249
279304918
1266122263
1080193466
465809148
1916418154
604919460
352244674
779211944
370586561
1105738321
2135797265
381944259
1072419408
1157700549
1393238012
1193479915
70813990
982366146
874968342
1340321557
1047776058
304273931
874461391
1423103885
1773628125
370919152
262480438
186019210
727343105
894006135
761641438
1643967341
1182246764
447010345
264485855
101224342
750782086
886651510
593909748
799893219
1061695566
664805573
1138266562
1149297862
1852429037
313971996
1747919672
295119618
1365591600
1447986793
535225105
36012802
1717218015
500844651
1913377142
1507085014
1150053678
615189056
643370177
1813542859
181025869
713042827
998510685
152332453
1367517466
28572225
191479753
1048666491
1282063862
127271697
997842875
1805560624
1846411701
1048165998
900054881
1874391177
890140591
1587463226
107017154
321655536
1854099188
134238224
588195652
879448260
467538588
904691758
1873289030
960444251
808013115
580933885
1116420589
1571191445
1970319732
195835711
1821230589
87976990
1188166053
674560724
1029945053
1533635647
1597427904
1927337001
129521341
1966427745
858469945
117653054
2093267155
199838496
583593755
1107971921
1728826816
1069726216
1986508342
1877486124
1799363602
1902210287
248184179
1037433352
995442402
1901602543
1795240520
1190822685
176123038
1843611902
674600774
953479623
1803904993
1183804971
561308879
40710742
1902992510
1044074870
1609958118
1674951538
1800620700
1492907853
452677151
807359785
658489851
446674079
636877237
18744983
1054797201
1491234406
1829615575
80755981
1032805760
1386510234
956078927
1786995114
1566772314
1834742759
1049580236
1690670986
1054709137
1039880751
371440826
2017257783
567155853
1797136276
2108572249
393692567
1700470325
807667664
1283578389
1623271633
1541576845
2090156338
1619827955
810396122
694798970
316112438
141230376
731747995
613019040
1414667967
545450948
604235969
536570988
705821427
1442376587
1098939680
741815853
1936245171
1407520484
1368299461
356381533
1971946678
584181483
2106810007
1385102334
123972673
124217761
49353896
47518240
362228869
1414300995
637960222
938279551
116422292
2145736376
1714324664
1657433417
134758145
96539939
30055679
327227644
336253972
74048665
1998814220
2088587630
1257004455
1274667500
605405680
1457255655
1577779361
1266407846
1068846275
1224405352
1091928076
668154898
485511244
166007823
1167889876
634257524
878968394
1883778194
362732830
591153496
145172829
1347593961
1614989378
1133820935
1206643860
692444424
1366277223
1760140567
1990197652
870089418
682560698
237490557
1795654203
701639469
1153783620
1810504235
2132238953
1379324443
463697513
1997283265
923753083
1872932445
918585946
1442832790
1037372994
1069520630
1088068795
1329683725
1350722752
1885941339
1232821343
297241454
1297368723
1881092503
672402120
1064184529
1248237821
416438158
1386610490
487973942
638623628
464560734
1463243130
817856690
880643690
113386721
1759362600
664797124
1875883843
838164047
1571632822
1349943494
911825614
550137345
133510916
730468735
735889659
440303952
848272026
155489237
133568952
235732380
1060457345
1179716768
795568223
586287208
2054735038
855035289
616897471
225587107
1221329516
2018511985
215901381
65344514
846666101
1745983742
1723252166
1060968328
993939692
1946322064
1162859628
241447463
155858698
1679666274
2070931516
1814441600
1800522692
717502764
173492160
2141368519
1336834821
75974101
1584936533
826640834
243482765
1308622662
2058036371
1751775216
1545334630
17870682
802014548
943036614
1002387198
148784369
450505059
1057090580
100507622
804850468
1592503235
1190620039
162617894
1201955219
1442453657
1986746439
2013681466
756574169
921704631
2067890369
1067436462
1997909537
281578437
1613062271
149406801
38935762
1630477070
1895963698
1466389273
1061643622
1281027812
735509458
223414163
2061397592
1881084081
1677599964
1825411844
1517833276
2082120604
173373114
767141921
437025256
1965800916
278235969
670957160
1235034576
225070204
1335950676
907931930
1094543984
144510003
802568101
916902869
1299372002
1463789188
1491957231
2037202364
1869815824
1386857942
431436907
693816126
1281537432
1349545150
1314916054
2051296692
222401177
1514599950
1277920665
1712454058
1828593979
277484398
2132252225
1216414703
725599206
2102550569
1994286975
1061010041
1590642195
501290642
1056238408
1448087765
847005760
1315074577
1906020637
510278216
520108285
334489549
1651581541
1707641736
714509604
485818359
1624490742
1439399440
92997926
1933326769
601503666
2062044964
1962544511
160826266
1760539982
530207841
1737226315
2011329272
87988526
88522752
36949491
333906816
2100989548
1629892263
1980398336
1180977604
585154808
182647019
2137202960
787751482
46981337
206627431
373948645
888637156
741070738
85090418
1491514267
686020001
1140928927
1003049599
567510258
573698320
524443167
1546954262
310829257
654155237
1980580838
2070063905
1007821768
1265479883
935753586
1157484423
861695214
940156450
1374702171
1666708926
490194084
2047518237
1446881839
748971761
1243864354
1013974927
2093454570
107850413
1202554844
1626986766
1017986013
1702062174
943314997
988451523
1753232042
734936041
1039892305
1268112081
254874661
1263239937
22508739
1768957778
1551694485
589597505
247296912
691369951
377450397
720778866
570371930
1819305684
707554462
131642030
1823767293
315793233
668784840
944381843
837861411
1076428721
2116707290
288161499
1908100306
316525748
1074727685
1726928027
602777631
1691528527
1680132590
512119061
1862090752
721574157
1961368019
659815993
553181759
254706464
438829253
2053507775
265785995
979184648
477664019
886009050
1765633961
1471226847
1755900103
457979545
842299847
1742481214
822847818
686855647
136457201
1655021776
1559326498
784177661
1923087005
1550301553
774268380
776894697
1223420256
966066434
213427205
134393374
780634563
485726668
283304786
1354034447
1148114225
1793028238
969890015
1238663496
1010136071
1530112805
941658004
1614173732
259007438
1427380182
1089095332
1942781989
423169669
1313998651
388134447
675725811
75040022
1211407048
917683208
1644963572
1426894571
