855832700
2016076387
823006710
1234901442
1300662543
1054441711
122014961
1996634057
907367449
1918928381
64493540
1564328747
624418000
358492106
1524020885
966335748
1865237983
249494561
603015437
237790455
345264622
1141321502
93056052
891781830
1385145034
788079630
1976878600
74643204
165052722
783417971
473160570
1969734881
229513021
1465569572
1636575717
1440933669
794535787
1486152080
1140497963
1519247928
2128538182
1102212387
1387209582
1023223133
1598839988
649619137
1908777832
1952320767
1049749724
848601711
1212707432
268007460
309130163
323196177
962805994
1559036670
1837070626
1305677390
1961184465
323754144
409108694
1449356943
34358673
1045764625
883348674
1254037534
1406421942
1498877100
409473829
1330829744
687726975
1344697515
1950367751
1969886920
1151219395
755176343
1259085246
961891488
1060904906
919422235
718098811
1379236680
2128086728
399731700
219886163
624904423
1493646071
1685847045
1462583018
345888544
664196944
1063572360
2070873022
613043344
955521765
1948890462
293592077
1044067443
89894110
168744583
1157470053
874444390
640607758
426348716
2116005318
2139539527
627431985
1626368985
697912437
1771805752
562461380
1279054153
2048075104
2118954179
980733313
1574689114
1634896681
402614552
578146422
1517340320
2041709521
943891313
478037441
1992482837
350755842
1891828630
385892586
1228504174
215737592
777838460
1551757277
1801728137
282273549
1585953801
114669954
920269570
717026017
530175987
1059286011
823863012
1545329443
1923498694
1943262329
894214012
1237172478
1478369796
616807099
1406324554
1073986850
1057351270
1603852837
1677194257
1591431021
2073645889
1821577849
1111306766
892510006
1506105860
1065200180
1604890693
709113398
940370910
1020009607
1049618422
2083733524
274596732
501976305
1964652847
901249164
2016299248
1225366133
874968699
1890357819
2081083821
832760957
1535326648
465928201
2059181743
867660619
2106520582
1665444659
962304695
1361573400
431344347
363184115
641989300
2132814027
899118132
1991924431
2029912637
1512710999
428106726
1745846396
115756603
775664817
19840019
560097900
2011490212
1784392557
1379701431
369185275
501448802
889507316
1458028130
215319601
689396818
550362212
1546157056
1126082613
146376808
733582852
606822356
440123983
2073043439
210197602
740828036
1708989848
131436526
1611443724
1328939853
1380116033
716615846
1856590567
663977046
1415503484
2099274315
26495687
1122973743
1249084529
861216985
1454961586
1358996812
1464699533
1381602220
215928893
884018973
1228496588
35969814
1690590278
419993222
457715529
869016869
1817329244
683175079
1683862025
2013960038
760617823
1807435629
1876226857
157209291
283691443
1901546821
2116787110
617190311
707935776
290310636
811506377
439291861
1841900618
641212002
1881652269
9753849
647099591
643202557
645551214
84936926
1969232610
1586244250
1360383600
827592191
1733762028
235799022
40338249
1049603617
1002119737
1803767290
283240140
1254559005
1915727294
2066082461
1661317811
742049212
233434181
133034563
1413110376
1137750714
1522408266
1361462204
115192176
1392051693
566947190
1292522279
105336437
2069000063
1786482101
224581645
1987761390
276445015
692615670
1537084042
395112301
723602071
2041122686
1471758757
1659987076
2110611262
262882026
194831553
1436897365
264073196
1698995647
1349042733
302984373
1666904518
2001157039
465435862
807334397
1469400688
932651371
695526172
72563309
345705527
828892959
1166024897
460124732
482152017
1452298383
388226558
124370496
469808955
1644235980
1228832176
326492982
1076102978
1556445074
608816303
579409839
1437806878
1279841857
2031522880
65948312
1970282168
663235190
2083627424
950863972
1909342221
1694520390
8418496
357288152
717825578
506060311
1158998033
1598885746
1426230359
986672154
563757941
393610028
1775678491
1128153815
852468001
1707562699
91366190
2142470109
503097329
1712681596
1568144476
1043543247
475747540
1560681670
286497729
1677516434
741488907
2037001349
892721471
819526397
1915321386
1995011478
656509155
1989918361
514807887
1803064859
1245470565
2084252663
173205359
1376915051
1544707278
510199470
840250316
1394126233
1861877556
334412784
1602067843
1725955232
1697226657
596703945
918406977
834138664
259160850
1302484467
1753373718
1159977207
442239387
541583704
407969890
876147447
975332776
1885904165
2024398827
941621983
1816438110
166674566
715582225
1576896129
268183583
2047956484
1756558617
733416368
205781548
961547129
775243173
701016524
36147302
646346668
1039290180
1279543788
1325547053
674224013
627957030
348456870
273475433
1858217230
2113743336
758879357
1068339367
1042612635
2139771278
1688020968
1783926619
1922207288
1517269134
1229792763
1819098180
2117036854
1281942025
1244808885
1904059208
735826553
2130851822
1226579299
1863421610
665468944
322030624
796126647
1965452363
282348055
896646698
1593631215
787719847
432925785
318919089
572321961
1694769366
597639643
606231455
1632575335
2045063213
637819605
710146463
474876439
1447054853
1726625870
412618405
803936574
1524556691
1603381075
1504949924
732606656
1953214966
120739283
1632895843
1731739982
2134603856
939793178
613905514
1170851436
958306827
28970472
977910806
1798888222
1582802749
861577774
1779794892
613429038
292473126
1201252452
490275146
1722730269
1238906070
906799242
637882137
235868324
1935926764
509588153
1925028383
693532133
1112474489
817389412
1936348753
95598899
565408002
1498831152
168152197
1389691770
1243098532
1088186990
69890917
1898917709
2083341138
1948428337
708879744
1855355531
1919428666
94500113
1133784476
1294814869
329257457
1231124433
219786425
410210959
1491299607
2112492075
490299960
465842837
1219074096
1674221617
1762683837
1653414519
1862983431
779611730
747146323
46778799
1773235187
1734483815
102582204
1377100105
1703063672
342848938
1143873769
585033327
512456205
1969613140
1178144133
1421779856
138213625
1349426903
1572294827
1997419053
1397591895
2057359029
109579961
1890752320
1375043128
616370427
955714620
1604353097
585678567
597141086
748890634
621752054
1366857287
1455421680
49238127
418623854
30670937
945630847
711039871
1391478074
831263194
1117472395
92256907
218200784
913412617
117562849
745837742
997748670
45297287
574968280
1748657287
920814959
1492634454
221551911
21339393
1375304349
874942724
217180258
1440745805
205222228
616987361
793339919
581482993
133761951
460932971
190431849
1763995898
287336657
1496435915
2088425136
773021517
1399745905
8639352
1224957995
377234716
1604083651
1072412922
1172016828
2083071860
2117501679
1565408457
1783779102
1607757042
78183121
726989140
655137981
1905218454
1348133468
1607609117
1656870705
2050396591
553918123
1595836417
225293657
270013430
1567168678
1032718485
1313869840
746023607
1022371661
1506059692
1276927631
1081514026
666309796
251800566
1287544415
288633312
848021307
1569482691
1622606072
1103947609
1796323929
860949221
753686779
226336690
2064551621
1674366642
913891593
629440635
854761008
710636584
1513231934
951209895
131537730
1433166892
1927544910
990036637
1727653951
1708249579
1967055162
556362859
551022166
2006737249
684582574
1340742938
856252294
1205040120
1302419194
1282319388
110095661
1945787720
876893099
783878114
519937327
1607787005
280882118
149972106
1314621375
1063355094
2069813152
1320666038
1285711821
1957049802
1989728349
572612472
478906380
1658081093
1571968259
893772393
689911455
210926992
2088267578
1194219225
5146975
1309136974
1035692450
431527712
1773722827
1789994530
1493490129
2005479699
1243223949
1664719470
1161084903
1914359442
1918471627
868020229
312794369
1912663157
527342719
2122344942
1102482484
1821653977
50535723
1714400746
436219317
1728379196
381284381
1381673922
1677624195
705217601
626240822
1773358085
1120546373
1115932561
851692825
292885450
285896602
1591907200
1555548056
855393752
407039751
1591909375
443940588
2016911019
247723400
1000129893
1160252190
1147594616
656732188
1060336032
854148174
1908560818
509742105
1356787335
315058080
94565544
1582366505
852047690
270380144
1574425238
2083475359
194150552
1289885258
348440977
180253811
682680355
1089591498
1468846517
53424875
374596679
669656717
842941343
1475683359
1530452073
1200975811
1933686775
79032667
1965923457
1753539291
1996917709
1275444698
750699858
1916341709
40896797
1579037220
139611572
2087127555
712332661
565486337
1892862733
1913928933
1629907118
1805741592
723269342
1889097472
1105882581
1288848937
1243250553
347986898
2087718958
966969572
924529105
229121076
1166956110
500324452
1532407402
1022504292
1063046503
42193483
1682602863
997394094
2016667297
128147066
1262839266
1809026999
389187747
962080621
1218397165
1635387750
1383331632
1483451954
799099480
1616042864
1735480046
929901572
1849755412
1462005886
1799099203
1165022088
1520382708
2064411388
1383267416
205140899
819768443
169811072
371798847
235822582
829099472
830917077
730804785
1827615479
1336111054
1200547236
1378320112
826348973
558173240
1818233790
1003300171
1383457032
1655083274
259270408
418387904
1022073050
2080380650
815188996
978040891
2052780150
660655293
138179064
975039229
496591076
2076346966
1824249021
1974023576
951331005
1633590346
186607909
716344342
153431977
1762278111
796487178
735284794
1454925683
1494629923
287877501
1924576632
1938227958
820461146
1303006112
174990871
433959093
903105692
1744461275
956647526
372426497
1957423432
1285338603
1057857557
1024333821
1807344731
318256454
317493762
473195978
172934682
992348643
1839554924
2005187647
1771314764
1925650520
723002289
2099167369
212558375
1809425637
1840569399
323132542
1617474865
316863836
1148194628
1755054845
1414393070
2067386357
1117534727
1535382724
170712500
1706941614
1463519410
1959164143
210264730
1147368285
131828928
499467022
1217442447
1739194452
1663489364
766959841
1217311878
1175177647
1660185538
401795507
534455503
56131388
47928870
2037795152
1429831041
190357256
1062232626
596959395
549172244
1722701954
473340422
1825986033
2119368203
1665742926
1420748088
1088253612
788721358
495748777
788101107
1351937269
57630870
1495065204
511955515
844270257
5421697
2127053535
1172844878
1037061191
393299397
1623468467
1859089702
1533412595
519529473
1647341627
880057372
879789770
687577263
520730832
790173350
703699018
842692534
891105024
355161409
1573611933
1496427292
499114075
777327210
2083251051
1184915929
1436981209
1799158469
1365756248
1900452294
417318379
178222433
843794977
1302451892
591372061
1536978451
694499150
1451030682
1646738276
1507075071
1823194773
227672806
1846681610
676011573
2142052043
1868023540
492977715
741181559
1558999687
1065517980
1561923594
1921800729
213011029
601730022
1345134221
1613940993
169504916
571877081
93706739
1188604622
337891565
502233713
1822183094
2136901141
1973230960
1431532462
1159586112
394933703
328756044
768802249
517397046
2131173550
809083179
1688730242
2048732507
291186454
1121399080
976424340
978355491
1227982984
606222446
2037214538
1967865045
518988722
1694678552
1777723947
737186651
1561825890
581332412
1231126481
1898905769
2126562225
764133511
1097523416
1393702856
659215932
565787315
1906413553
57606014
15471758
326101909
997210134
334211996
1702696346
1539902607
1430874756
96264490
1614568816
979448553
1121998267
216175881
313893590
1159100571
673449262
231551118
340075564
531904436
1374222196
1659305019
386890398
1840974269
1628862382
780667318
584613590
1653236147
1261160697
566894417
1913949887
1899989920
1137661692
1992004150
877210980
1071041493
426712480
1911380268
1520729847
1793914822
1929026015
1452491272
594100974
2026603138
1806808502
78762930
969215560
1355716301
1091125556
12846803
67151854
525629660
1423747765
947625752
903252276
266275244
749586472
862031654
641311870
42198527
1219404683
1153986842
924234751
1020607220
803101816
895073723
750547613
817171010
415322329
1848052799
2109423857
1185298448
827186872
406013110
1767037034
415915124
799682865
243027735
1108135569
1165030023
359443080
1145858278
1980549735
999038754
660053335
2124606334
453733866
1109977399
488777440
7793920
1727993270
432823757
2062228609
588432856
273002697
687126937
1972379205
74327273
2060784223
462770742
2071068823
98368597
1202405372
30775554
880710598
565658045
1507032039
290173541
978400378
129492269
1030856800
2132160550
2086025492
1543301640
1638538569
794350232
1959406123
1302082676
2000794987
123432017
1324714875
229562484
1000503141
168753878
1504663761
1480177900
201486576
1097680305
100474912
1516031312
80942141
676664619
309947058
92854253
1771983227
1215355559
1086474104
1064171220
1736738421
343491739
1262282882
1188174174
962496087
1082316843
1545102730
1428489313
842603409
1738361444
1237898666
68693742
630425044
2038231826
1918177838
