910893963
1040498700
272010684
621985420
504387157
968113055
280684383
10857949
1790401886
1129346142
1333100029
762716482
1891680021
713112804
1408005894
1205557665
1387592294
344386736
147577679
1101520448
76856205
269322633
2109437233
1394842948
1543392268
650698124
534326994
414013893
1120718775
1689756628
1143722619
1959174538
141361389
1952748996
226373416
889660518
1357659617
1373553395
919651103
757589806
1929500950
940522933
1427123896
597978197
2099232489
2083046978
1344327995
1727499303
202809928
30326406
1085542886
1792759454
1697317505
853233797
1273100045
365885668
482049077
1543590248
2135543132
1041973350
1190000491
310709031
2057748793
1111356817
1080059072
932165333
1114729540
212723757
1521671100
366219651
1886746880
166537042
1728842817
1257706962
1666358923
394034954
211162397
773227545
919754377
1780151685
427880894
2021098286
1626328863
1668129267
1668862213
1333937109
411417371
1314379522
600950579
743715011
988660273
462502644
1628400896
1677776205
798454625
1426523995
2047221194
1957840050
1071168372
1206864500
666674922
1373400065
337117604
113812510
495999523
1497585833
1578118235
594450549
940217652
843783579
1685123092
1569862160
24506509
831037725
1654778462
1424510419
548562718
1987394862
1578445567
1809484401
1714088266
1696316562
1367207221
1562211713
155446522
271834745
1602904856
1004417084
1698802895
571091664
646681883
753100241
278784111
1046774051
1927575473
446762341
1747982337
703622189
1464432908
209457578
227026099
1531896830
1777068288
1911724059
210425976
1596049607
1489026310
1185890769
1491097296
2117730373
591942237
408510469
54005951
935968712
1035268171
1742321187
1709884895
1743596767
1109912706
359334791
1195000977
764681890
890860445
1388785366
242727759
209349020
2013075401
1152748796
466914589
621330515
1224042369
1925995965
497990430
458150516
2047536753
16726010
417928515
543683744
973021820
1815461763
1299219486
690371277
1520033497
356621971
663936469
1584697178
878194520
1505778924
392222769
681004702
1020584187
1603264666
889427614
917740775
122513087
1708473306
1862734474
921628592
295305438
984279572
2026982015
1935602840
205240077
1214846953
1866213270
1440608229
1310517680
1441283726
1327098168
289373260
1049523938
1885450668
440100592
1303723359
439020944
2138370264
224353627
1777077907
1841205445
1236686506
977033276
1579735277
373099776
1671126908
152955820
1135925577
691659201
1499619777
1059524206
2077999431
610705699
2052534783
743868257
54181075
745162658
909364330
738689039
1724253774
1712786942
1811136031
1928818274
408638302
2092447545
635611129
1476110197
2073166927
1124564154
1285149972
1671695752
1834917924
1517410964
933658332
472738574
1756219199
533568992
1179777232
92089569
804480680
2040510278
1193188825
1233735061
1785566717
1621914523
1419770177
128607210
1344743926
804248740
2013414738
100853339
1614587284
1868309497
343734668
1183176147
170316774
1627429381
1957544578
2052596095
1870197880
950129450
1595202897
359347647
1010107480
1920187649
121729214
107235382
2134330822
2024834495
1833704939
860558080
719521911
1968396211
111649462
53727491
583824518
862718699
498272174
323186014
708409848
2054229751
108426163
1865021439
127432426
1606872773
640376617
698257745
1797097049
864612523
1111654616
967384850
758196622
462713988
2116382308
951663682
1759501860
319869425
1519880804
1087305271
363383479
793221313
637106720
678496462
595741739
280835435
728497388
1962240956
911068566
1060641720
461545243
1172054786
2011231435
283425150
1233412770
2060018815
1071697284
1109824390
1270880075
1613448351
2139897131
688590479
232504466
233323569
1474144581
853050988
618784544
313981271
1858099836
469529928
63292385
1393888662
320128583
1959103754
331739844
727264013
1736935736
1812120787
270537487
976667331
1819376610
166624420
864713564
2136208921
766766180
1239218461
1032271667
91221342
292202134
35101024
1165689925
673629569
268309712
1933723924
1126476099
63006433
809132882
2042548358
725393497
215136065
926232659
1138345193
424324939
180926679
2056909481
289864382
348038954
1261389955
1561190673
1336900687
1085482418
1011567901
1247724572
2062624341
1595200067
135285223
817675447
1448094905
1188442234
694117922
1140173141
408742263
1090503276
1679694780
1747547067
970225567
191747199
1847844646
1968779623
510180470
1435036900
1314992708
690462878
1698996409
1490778292
1847047294
1186999313
1483430913
1555493030
748806644
381828907
836621378
46419819
1782731726
484529402
1776235373
637490087
1423799217
1665584055
1658975542
1943644043
1065202765
1263085299
1471729391
129673235
439451923
1348274784
1002107795
1566713305
877868804
1742657338
817976800
176167317
985569445
51934800
73050779
414770738
1526484751
928348339
1584270583
116220557
1260595746
43014394
65029904
1016562892
758641114
1155942190
2110644370
1610623321
1330625209
472615257
296498551
1839206266
751161188
1179720358
440792813
1137034639
127230282
1097650997
1496029269
188473063
2088260223
801112702
1106659944
1875275070
334465703
1068303967
1287931508
126113751
317614349
1372260547
767511492
1580255794
1856636371
1926213105
141185310
2055902315
1495667780
108600686
486640742
2087384879
1654937669
1218408336
210244192
1458763099
1010352363
1354443169
256929939
458089779
143874598
320803500
1174520648
259627835
1924294554
1685998311
879815090
753936566
29497998
1153183676
1211996711
2056570808
1930720509
1410479734
1025325196
461713130
368249802
1106282373
1916367056
1393174234
1513454097
440452206
757512079
276159228
220362649
2021589585
1876357846
1508638786
1162781797
1729340184
1773055238
1652001619
353057641
1696159546
614945745
1477660778
1822948954
2011509289
2085561698
352749262
1030671518
484137822
228560281
181127658
418674531
1509524990
1714214260
1531499016
356615372
1353251113
188622473
1762049710
1586410565
1098683104
1678443695
1811836053
905721335
354144144
1305182141
604631362
1592239959
492994623
781877098
600045124
292816601
38631762
1232972628
1345277449
697823427
1128735736
274501916
1988934748
565810972
2070641719
677956270
1072335999
866453187
1963566481
479397534
148451040
698379163
513925202
608498862
1290385532
1017849316
478235001
1758869612
1959706061
128950949
42561345
171090936
281387889
1589446981
1749574731
1695161571
1056317017
878506042
2129042281
1724296500
1750547882
1860856537
2000320009
1267425924
1376057395
1603461707
1260785468
2026290505
174512012
1098795936
1994550626
630034991
12057287
1084452093
1034151028
220159906
2081049302
1445331953
62264046
96680297
140663417
250068710
1802142551
1320979564
1118243809
1699879859
949722222
1703484566
1584903654
1080974670
1354115571
1628290773
1563239138
1094838943
769026063
2129490238
922051368
389580911
120200032
1277072206
1270877476
2051735679
773316517
269230156
691021073
883419062
1598322435
1431104970
1050838609
923620722
588350450
710479945
606816364
1574796799
2000533447
1472571388
1792686504
912605733
696590302
177305509
54405440
1391125979
572578659
202426268
2090883909
2047623194
1601184701
1949120238
124592142
366400973
512307608
1846951074
760490333
637104612
1435445390
759773975
1098569488
1033235592
1024643954
354690953
608458112
833811305
404134712
2116282290
341247866
1949877555
724222596
1503635341
2135184856
501281310
18714574
23365941
1731174075
112219045
529248302
271134957
698523238
2039713102
2044181705
545705785
1644776378
2007599272
575958232
1914530601
95732298
533495379
1985715794
1239633589
660894746
1445019193
457506614
2138806084
1590590713
922585307
1381089655
1139674183
1762890104
728853446
894395267
1046117890
521708422
558674724
1133131634
2070154859
1980233385
733520494
2135487176
942990891
1583152603
898582079
1511338214
1212217281
1920597247
1855770948
2116645396
1970705094
209455102
1175230032
2082193699
1735764299
1399953795
1435128204
635750850
2077411678
1004641103
725193419
1985333600
1299770540
1918130745
1739602684
1653367992
2081251392
1710063558
1035869881
412748798
2146117225
482200417
1394278396
67450788
1744786618
1826940215
1681207537
1755670473
1386614827
1753695409
1835946470
2067755071
432007517
480363663
372816990
1003895607
917601019
1266949790
2111786309
1753009291
150686780
2094344469
2003460159
54063016
1068898692
35082130
1294986778
2127731222
1134544170
1834049964
1917444193
1138928806
514282069
795308340
1871498258
968121655
2066377727
1047599629
63595879
406270756
243079708
1435905445
2001608400
1307844686
2013030099
1162894351
901219586
760668353
301389291
1275073727
1052576297
541420293
675393601
1294760161
387650105
2056379140
1736459637
891935062
975057506
1609556370
1209165221
1021303372
1458877858
1868391070
1114731857
631240312
1247975540
754879476
1285004638
1359920115
2125745574
115887789
654489910
816692398
1409269320
1842922804
1276953868
1765395604
654841536
386641909
946712125
1735444283
1821381371
684839588
286689234
395032389
1655675838
1257544742
1590969634
40753497
1157408539
1524376352
1581792405
1758893241
2387454
142876955
1688654979
1835803521
219228391
1563244113
642833466
869680251
738829746
33710103
157430558
1090252961
1752901778
2017405926
419987435
745319984
1802709532
1818349831
161405463
1554889573
743810175
1128069851
1832347474
2032986839
1446363602
1022340548
1116344111
1352575856
2139217286
1669746868
894404316
522868233
1854991098
1877902672
1627526925
345995937
523137838
681056448
1509006840
1101039418
1822653327
741865238
2058252153
786088529
1947060208
1564912472
86431061
1890136824
1362889114
513971755
26022299
1669312657
1406971258
2010555678
1566041382
332723241
347478904
579400849
948812864
1385571694
1039816937
388064833
1730855777
1662778703
1270161434
997119601
703874581
146880559
418553613
1938962869
85044522
1015084818
903805916
1507807083
127852809
332064608
1209944542
118784209
1175598694
1548683867
1885918135
698278113
2017521161
224459711
1262137295
226252098
26934020
760227439
1166413572
1848007660
2062935898
126658929
848910115
1113962933
1035346106
118182541
768553587
2027833207
1415647080
2036361341
2015282794
665987040
665221437
747282129
1469277059
1812352982
1779815109
2036542818
781590567
682027909
1209811078
1287497072
2011754696
875088390
1068640864
1225899611
827977485
1464703405
1064002320
733148154
1940824615
650338031
1837827534
918384796
1697790531
1010053102
627854359
295525529
1389285656
950132387
505658757
755846547
818471328
903469991
349191129
1715089230
154487011
822623134
768183579
184983593
1580548590
1639278912
970073560
1020091193
1040772835
1701359109
969676171
1998711297
1715478826
2036489069
1884100374
109606863
1524249285
1677917929
1122756463
1267810486
958456514
1931586153
358687832
651277859
1368868553
40500099
12064070
2038240030
1872036821
226175805
753918051
1048558111
825696256
126619767
565431727
1419531914
1783816054
980197112
1532582466
817847241
1311522444
528223507
1983708588
539827205
1157151465
523463157
2013438845
637030529
1959804386
1909919374
1783429856
1911721363
616110564
308146970
625925730
648395839
1360604426
306484043
1011627473
259871601
1378179791
712092437
1725158463
1370991319
1879682781
355317270
223474726
1302552921
949459716
202554271
515052453
800223542
2087510598
1500025187
961090280
833366972
1423762191
926572219
790664871
895547043
428806785
305449619
1536348357
525747463
1340119790
753648752
499304696
1949376964
961767922
1584445648
1301546351
1237474807
1625888496
384157512
1802588094
1834412734
184151223
2134690162
310254467
396419121
1626950060
1037583999
177130597
1938642587
64573640
1777071070
613431926
2107625530
174852555
668751494
375380658
1731740819
929108624
657125092
797355428
1128372671
549959778
1542912106
391203667
1544248956
1086626473
648571893
220004964
563138242
1716876965
1951593955
1350984611
1376385287
1738798269
1970196334
826163259
207779945
983979050
1953732730
158303536
1367699406
1309323530
1200707894
1438362816
185588892
686774675
1422898283
99197925
1473452818
1347814500
1988211812
537282039
622138945
957012471
507067514
826650735
580468139
840262451
667666747
2120667335
383056502
1037602591
757778743
483307133
165936717
401088944
158103654
1680282421
746350036
1986854339
1376176185
237261566
1776830661
1289149478
1200389692
1364203181
277475756
28385744
1272271716
1081289317
491362107
198813489
1694268923
1352036921
656347467
389243556
1605218341
1941128936
1851237232
190580738
242169101
1882037447
786405175
789237584
127432370
1094088380
1599668222
296727704
588174920
945506150
1405395569
1036886741
1616339276
1827603034
932682141
1719606279
61508903
1153679241
669512626
1757155431
505398142
251130557
1686380634
108050101
1146693908
1804097858
300722864
425744301
1693755741
2030559137
1944410334
323755671
453898400
1198580103
810183512
