1948486937
1998049524
60381889
76169150
1587858875
611832033
1177043167
263705514
472080374
1810587081
466758965
203660782
827004708
2120853391
630130699
1701637483
1262997514
1733461474
809816131
1657389811
213559162
2034517811
1044207562
177109460
1528871193
689255761
981341483
863186693
449300539
286427554
1534737469
749744364
160519402
1959275264
1151889405
303391178
889896710
405810989
2089320310
1062540996
518601094
568244725
1538965468
1014603151
635596764
1445884895
1896986041
226833078
1548148599
1664840335
119529279
321835659
1607534434
1312689339
80646587
925560488
250392586
271889352
1630010411
840282657
158051613
23301376
432898278
1552227912
827431821
581051506
615823481
581167643
1781939635
1683698535
1004048275
1452977742
1926641553
455611516
1102123542
1755023345
384044336
2024873825
647730509
1815935935
1395090728
244696620
1258689341
613647362
831959358
70446683
1800120596
2009453349
913800999
1154195301
1440565950
911111384
752079723
1098891515
1504763287
1784551386
1943474277
188629728
723651643
729573990
1040911207
404465762
194200952
104469308
1595281914
717984116
2035447909
1579479370
245678402
1913355113
1890336652
165178359
867611008
1379308367
97602882
1888894477
1085478834
547230694
2086472472
1525728577
245014357
1010780475
839482986
1398177887
108912203
1906832358
495690772
140445206
1345578199
1642816988
30709061
875847262
1514310596
437670642
1948706667
922241153
1361199781
657780463
766826830
473143245
1436631096
1918800716
1190330169
1037463765
1195775716
569624202
747913298
481481054
1045417826
753868592
257890059
1531407597
292670328
1618418784
98117297
986154987
399233759
778481173
138762274
70065010
1543687238
1860421372
633458588
1248668598
1743045743
49738219
127282608
1547361043
818611576
1208780034
1528278357
566518702
1578573876
334998621
168808728
1713226187
148105656
1612260979
376140145
2000648363
869371634
1011821582
994254385
1866234912
1587806322
217161191
2016077080
1547233455
1708988493
703934941
1799794564
593220703
198179862
973208018
872515907
403776036
1430347021
511000098
1318666889
286581219
1824544852
311182785
1293221629
781215522
1881004380
401950192
332686318
950657102
1505001567
526209948
802043811
384424103
957427462
937807955
1307599823
57061068
2083290410
978939107
855665955
391948767
1575450551
1545632657
1761251838
978974548
1677863853
871754739
324985408
1544584027
208183104
1390013035
1514062396
1070857704
2140863264
341097792
156396235
912907867
1447019987
1500256602
2080708733
1874335697
1052455741
56019098
710917099
2092171270
991210050
832445396
1361621744
464503795
484376274
17148893
428354516
2100828618
387157269
15273849
1061793353
1222934393
1401412398
1311907841
439567304
1711743518
1338721246
1491616937
206666564
1797726978
574402728
1888536884
1592914366
1308092871
1155682737
1905603882
1057788408
2138779437
1137816001
929406136
1065082177
754756225
1339934822
674817316
64466799
173730722
12110903
1362269931
1934299115
1769966513
395421494
5601144
1047839206
1184988757
1754337103
1722008707
527132074
328134055
1821926653
1539410693
2054757643
845720257
1432656396
1123759059
1848624380
680516830
786006649
1868169182
691402302
1437022510
2094928245
856804870
213786418
185838905
1542988936
2041521302
924592336
1794967021
870227667
1906448480
394475696
1359854918
681752174
682773366
1639727686
1404680344
1291679215
959569282
801061163
893804924
1826395148
1460193219
1520686742
1959469909
580510552
1771028133
695993321
1468528510
897236009
1497977595
712580199
1121995282
1766384283
410627291
2053003268
161685847
2066516653
1997068822
1926615381
1622020551
1468480648
1654737490
1323481255
772221117
1367964384
1664856774
478307883
1122146233
62467443
1675834258
1823939919
659262032
1455223215
319830201
852652839
1374957747
295736177
1663447228
1308781066
111651033
1183387623
839373524
604206138
2056851532
1687331990
2012696267
713732027
167094413
1366920311
632512631
1503579460
173316133
198585661
1033363668
1892365395
276656714
994023090
454561469
452990555
371674922
45307455
148007239
36389657
2019876566
1229963402
1935775162
1866510341
2114879694
635302714
193686317
1520878819
1430391333
888860886
354868669
988389240
1755350097
1812158667
1520640873
626630746
585944721
576413068
723913869
552383201
1320332283
2137307860
1750936057
478077498
2118936609
261000711
821885614
1032187289
1603656799
1250366134
925039412
1955900814
142491588
1171612993
1510150299
616971377
722914203
1646366103
1310091532
2004218872
1733484181
273888282
1577683978
631796199
386853012
1922269853
1384707147
1566242278
1488849174
1514460047
191311149
766610030
854780476
2001400113
386731479
1590790877
91685494
1487456003
626281453
1211971754
2087454414
111445821
1920352239
1809723826
698742733
158426745
289166639
397916593
480826125
1693331310
1186807661
1771497676
1226543965
477761750
625586192
1311109450
246598026
1565861745
1230824707
1353240163
1999615952
1217947171
235997994
360500785
2075490781
262708793
1549602432
72976579
1090806654
558008777
954274255
124319313
1791254505
1979308599
417359882
984970889
59358118
929262804
2077985098
1195883272
642540314
1564665760
296361316
1404806884
1698709425
706093104
1419564579
137516390
1912470951
1750912683
1303409447
108566997
1314268276
1243688686
165079385
1142712941
1486687186
1957581264
141641737
1478543471
274519916
355139711
1139053991
673634130
2042839844
1545352201
1734180379
1650193687
2037623297
331367159
1274694849
1030211002
1413632436
400819988
156257284
51528644
1298441413
258301259
288965782
478742525
309503327
875200942
514291273
690756159
298877620
604760467
1451885709
96320870
1515969294
1411800537
372338823
248891492
1093063796
1650800456
63134410
95436401
339990005
988856086
1556506292
1391982687
1388792724
246076806
4372839
1663652107
2127658703
1696866475
855715427
146138864
357117390
26617163
1018887101
1750181077
1083190053
999476190
908926974
2095211431
444985414
1331688374
631149467
898537313
1933618310
1199429176
1730009100
511482151
1805908682
448863304
522854027
723206259
1711605710
349546435
994435178
677748070
1711182609
1611477798
1739875089
429835840
135517281
388827468
436289939
1604307435
6811646
245380948
1284027885
1361115570
373310318
1915206305
296287194
1921571855
1256355037
1962429690
19973974
1356741281
1111740206
1984794834
228878509
1117773116
1099830434
1442086819
548591678
1234936859
458658339
2001411187
1749910481
596103984
103210286
1943112825
1810454418
1463582876
71517787
1489557464
1495080106
1595422778
1108454027
2006824074
934864761
1299842646
2076437677
1260510552
2033446769
392969084
1435763244
1509725957
831113874
784227178
1754536953
828581259
1710597758
1828833575
259266096
1412699005
671725880
1665393197
2068183146
236735883
1795867517
538532545
1927147678
1721447460
1641750207
163171684
210162356
480961846
314470586
967282529
269141672
732176401
997637813
1104084103
656437079
1758020969
88947287
558468081
650605546
2094667130
1227145764
472129537
698611164
1179250246
1029287826
1657611115
815209897
1632398330
294792396
1782981997
474712084
2131258735
1230760962
1191036701
181337621
1392484044
556251755
2087840730
2084536670
1698221128
394332376
1216823012
1202214793
589127437
904340470
1912750088
1443651040
878609976
588215840
1457465716
803573704
582790653
389270751
478748841
364267978
1263797992
1208302591
1179010189
893875007
943390526
1418451023
347425440
1937201304
1307291778
54862836
1024621895
11509832
792683283
567715434
54857028
1490379854
617834994
2068302361
1670563911
1701648994
1537259682
1468905871
1197958813
39621819
511948072
1457886816
352174599
1439696251
361228338
1084556183
252471206
2129366712
606293332
628006360
1291589393
2076281128
658974061
1471650580
616947849
2115914600
157830440
1826974695
243250244
1388108777
2071935390
1620957329
704206053
604280696
1990188313
1490137999
95993613
254178920
877385204
1798429653
725891083
1357986397
1210411422
2109728939
806966703
1100902072
1380969917
1067940129
2014540092
2026816922
2125619567
857915696
1652103035
2072705943
882579627
2088537711
1703880684
1174866937
1014726
652975726
378107160
1152917422
8453394
1235665075
672913410
1487552719
1875936929
63888975
2112604347
1888058573
1788592679
1950589463
902934037
2065874746
1407433981
446648791
1643033151
577602159
341974364
92042286
1763382445
2100558558
645760051
557837431
2061825970
614388196
1501605073
915779786
991669708
1173229671
1652323251
1359641926
1756561494
73097900
1947377991
1528856614
417279129
2124399168
327683058
433145608
1473043431
1388331421
1655311220
591522733
452938439
1702078581
280264810
1128993357
1152676170
395922078
1857655276
761017237
345644668
588653467
800875350
301943870
245111030
880009411
2135041061
792308811
1136817809
1752048657
514915319
1742225375
2081979701
1859447175
277509300
2046905272
1854373583
326080831
814163148
1321940812
2039890528
1484451855
49511318
179805822
1563733042
1972668632
411677144
1399555325
1262778151
738816107
1417871460
1970349370
898298154
992595481
685399775
450721027
289721542
1125796566
1390226589
955980225
299121109
1262256393
608847272
960374346
638752592
223502067
1904616928
476028004
1238511686
1150617017
334683196
2067090391
204576232
255012935
2041482606
949454904
153918340
467026872
1395461244
971801554
1686481262
810456854
50420757
1308977671
1125940450
1483474358
538689147
2039504161
1159959660
294868129
1669486858
309078605
1760729488
1562909395
1985189817
334197742
1520715035
427861040
187958976
1098508189
828700309
830789892
137684052
1066703298
829821138
803198005
445828238
985546952
886656423
1094480392
1627390314
1135192576
1398299322
1140834700
430174442
450912788
1884303731
1207493287
1588706138
978397989
913095695
472677051
1234279343
940669572
779647443
1289390580
624243721
886495242
1202517085
985664304
577560664
1977653525
145487893
1124231308
2098483482
853020959
2107023811
1942580871
1221513282
1681191420
1219916603
2095908822
1273999924
932525488
1224589619
1357294532
624006381
1892912106
1332210741
755697986
1965502272
907863329
655816367
395253906
1224380987
443897162
1125329448
782523788
1966857896
245770291
149593485
816497804
1934528687
269656447
741969578
1186145273
1922343833
1829667390
964796596
1324616818
1374220207
1990790696
1304769026
1963143574
201342716
1522075253
534585328
892694170
1378480805
1836273247
969964429
224223541
2035986482
1336248827
134110449
1747247317
1351316772
903990326
397051595
2073078434
1837941481
544274503
1857097958
266324535
1676213626
1410504869
1255246999
1784711721
2095239717
947448746
2043330127
1754243896
785647717
1739251650
1076305488
14873618
785727213
1612142927
1831563901
120302526
1180513988
1447083037
1188819786
890269867
1468952201
538792573
1990299090
1784589910
1347678168
1798884352
1289745671
2105201554
1515868357
15510994
551965699
1420422007
578816901
1699294896
1177523070
1911266025
631795245
1394972807
486818905
1531063492
1963885714
1776740779
1918853462
1630992033
1164541518
427626416
1251490283
667156552
1753887460
981644777
1592195115
2133882802
1488029179
686899578
612258788
830217145
1910083015
1058682140
1942758600
1582196574
195526021
640734829
2023466435
765519799
886732324
88248050
191847275
1831388787
1860927233
1914324435
1884976663
693222428
1751473508
947361001
923006149
315185374
1942379051
1841100373
530578671
325979423
1499560523
414741115
1416549032
772135114
1037971816
1600840893
467925522
9325599
383105989
1178517061
482383628
159986304
740381258
786822878
1575933449
1982652376
296770728
1559228783
1376899068
1418439336
657744787
1585376790
759331695
775208112
852141358
136594397
19487923
1569260598
589778309
1239694364
699254578
480358390
583300403
1280706923
1710137824
483540902
1616324644
1700918337
323338448
1478939428
594466421
736589614
433456611
2069889598
1254601080
976659633
1018534555
1635264286
715036371
2086916279
642299149
1314039120
744311751
1186076593
1089894901
997480305
811592335
692125008
1948823012
1076686199
2122347668
802630679
836990881
526478667
497045946
1327389156
347798104
1967416747
312867800
94634019
1568173167
1364746039
785906269
1800132519
718261979
1811585143
1868499715
605658734
420017915
1626977144
725493218
888274252
922834953
762111826
1437372722
613236095
312717739
270041171
1723739951
158432752
1438307753
1222768842
877627413
1833484809
535156410
225481841
398537291
949146669
1195840119
1572604024
786848412
2138609112
1282189425
429480490
1237601952
1627780949
638062686
15646270
528288569
1726574870
2004066670
1035592381
1226633529
548108467
484441276
1579199882
421782049
1472072578
510684383
201005459
1822697220
829163727
665611425
1866824851
