563496575
1866062406
818428227
2084894896
541304666
99617481
98098530
1922396239
1072897428
1334677637
286923382
1037039850
607019764
1557774798
431007968
149489562
796171383
27019405
943084095
799485151
1072788490
858272370
1385480891
789490983
204067809
1899139656
1743774959
779542379
1836236151
973644900
629789296
434869241
345265698
457607223
1575027454
1595860300
1254286162
1609482499
1181353031
718533911
2008617062
894685098
2026939474
57751393
551188522
1556633506
1195448462
242290121
41618417
765419781
1450724216
1406244075
190288459
147679685
1155734243
277915099
76879716
2123634685
1988554983
1708076494
702597369
1244495714
2120925544
1971789273
455563255
76090328
1314788930
837899473
1400019378
1291535137
1575777294
904725841
2020459199
1046654896
1269170580
2031106521
662451566
1675060892
357235661
1772173587
1037336039
513784496
175513747
464694322
273724896
1593560735
45799911
51939699
255797752
1401083989
2121176031
1812587718
1444002483
1516767080
354502442
874768517
737678099
841621677
2092950081
491018338
1087925967
2064646375
1629215532
1903566944
324815410
965040283
2008929262
823169528
2088891795
1309545215
69065615
173150556
150578797
1866201616
1396340164
642323671
2015641626
2079934915
1404056380
770340947
762555953
699663443
59131017
836912885
1456491128
1168177593
729878953
1850595
1462003848
797611066
663912497
1968399141
921092348
1183751194
1972384277
189548457
1594758741
1844397166
22193942
1943237472
417598830
1154413327
1147456200
1834082439
877843350
1685280171
370809151
2044941056
103337039
1688434165
131736662
292984030
973545634
1174249212
1532158875
1086175488
1138993693
1776092570
162519258
565487060
953439083
867452419
579515205
1365658173
1575069838
1203824765
2007677757
360513167
125825211
1607286574
2054353087
154186679
682216401
460918545
1303602798
1684910712
2064444792
1398183427
1896940344
599313616
32059346
1278255098
1929344168
1736573817
818665441
52919636
234601416
1415889291
299140469
1864223821
1374838449
1533341758
1515120847
1430988683
2049108145
1135232206
532936664
886696916
453182231
1118784119
1557593335
827746015
490606749
846187168
804157843
277406024
1066587507
385504532
1399748133
859379100
2141148644
402836075
399079928
2020656788
37991847
1271917191
1418134656
423380575
2043118021
1161562426
36831829
314761496
1056534305
513878789
1099913162
184433751
699938729
1904929788
2082749230
1484185059
1163124760
185381573
1620424863
1616718725
1218531429
348180927
375806341
859395576
1292814539
2061326398
229411250
476168444
1378246006
311784949
1881928724
1519295113
743719623
1833595501
1936044309
1633317665
2031703108
50158257
441893007
929745214
212787231
1495443212
1868163439
947427819
606560609
1284193002
848935141
1553999983
1676178099
2041200860
290519877
543182628
529851337
1412793527
1499703421
765774693
1925348204
102108636
20962867
1933317797
1472565282
939056017
1024860539
475037341
2081767803
128697742
166838834
1443188381
1257094139
1609605781
1622006266
2035547140
1266848159
447805240
198246610
131229643
1860817166
731811518
60911952
709519163
2072585565
1651605536
887420542
287040959
181987455
523911470
609983823
862327252
929411656
1489406415
146391996
599836
2058849820
922872165
2119548800
1641645970
1976475960
1705447503
75953772
267777496
2111286172
1822748552
544727655
121496237
1580690836
1399517293
25828102
1333911418
263363554
83994267
1208164036
492267531
854109322
1082752502
1630156254
295327067
1563584058
1787758279
267086030
1421437832
920239187
532455933
202974305
856724709
791617944
720072596
1009108343
2146073646
383327090
730956051
1598547543
2137806806
494763997
606695983
1947199405
956702371
462322891
2106573495
1942660038
966248494
1722704106
1934770489
1943646164
1864421669
2016855336
2089242984
2038120070
2033474694
208292823
1851583784
862638437
1504028425
1781934773
603515745
56139720
706712498
261894422
1138711514
828621325
1870081927
306103984
816807745
288986737
563969628
754044163
873528647
1259362705
1070072522
1849159011
2070092520
500731006
221025086
1581415843
1708774088
1004561015
1252273709
1308804448
1062261177
1767772229
768712549
1321078247
1213888857
1351186232
706996351
386041540
319892184
918242745
542735985
91334888
1595096024
1091520396
757632576
2083873398
1509300077
2129215397
1619106514
1539306794
981675332
823608739
1604642273
1565200742
341405919
180502765
572012044
201938907
1631079166
2106375016
462531591
2143685584
2036662042
1707730386
205879539
258039826
325691146
2050639806
550463433
1238657144
754779849
836318508
1481526255
533617170
492083791
295551940
1498842861
254632942
815161243
222534063
1312945977
120588934
1521876690
1557893139
1513538094
1558220745
1575031425
2057945897
388205339
1770688964
534278655
1096174076
1627834744
27503085
1313898478
189755327
1564479540
1947367180
1926274784
1829759180
8730666
1422662599
178916885
1919491381
948076465
1224137672
1503694946
714687241
1716244818
1992368525
971202350
561422885
1840677781
579262155
1772439
2029321139
513147892
1918081408
1186533298
459255620
348847857
2129590164
444592623
460511110
2050733891
1191738155
394722458
1302804642
1262837291
812380554
803908477
1898478132
1042374374
2030237347
2081100195
1957349096
758558523
1819242302
1640732983
1397525422
176052020
1272658886
1625005963
1501737113
1747157481
1725173166
1405456182
2103002457
1937410423
1246685566
679098965
364395347
1483706384
752713598
157832945
427517786
331634733
760751357
1040981889
2057741581
1123954142
1315035198
1700870534
2003998157
1960825665
433608960
232858708
1073485144
1641579025
1914240937
1876595185
866655751
1061974
77831438
202517526
913274528
600475194
883903713
669214546
669066201
1172087548
1499055288
1369450062
1767913322
738709245
685263286
1708658475
1720792781
1230061816
1092228824
480023816
1538585493
1342774351
2034146782
988075935
1030901608
524123776
448703699
671390479
1642988955
116634038
198058555
1138473396
1269249128
416331388
1592555993
1545048626
83951566
1996191372
410328090
330699665
458049542
1544950470
1189411361
1209149826
1462898077
173071932
1813618800
742091456
1711455539
1005631594
497453616
710347666
901790926
910923907
186654493
1902524013
931542236
1415134182
663250448
70126774
400142019
1688406448
360715818
507490724
20235047
1723686251
85938330
1382211908
1156362679
933595875
822340876
767382
1691049140
763563289
1658315439
70015957
436912640
796881489
1425078240
515742676
74492894
1557116742
659784312
769995652
1739748172
130212734
485794479
2144282770
1395579741
1186936999
1521980510
1597717180
431246348
168091749
1041681244
313806223
2018255186
737784001
2034726901
199387298
1648032323
879391516
558856664
2070456235
1338387138
1331125578
1483394168
183115991
1807095959
756224419
1105640119
780247088
268636201
1181765174
1930715952
1058436888
909667032
845552926
355661601
1701305343
1400876852
731998434
1494075316
1993001549
1971889410
2038454976
1775129
593468904
1742987365
1119134062
1027350570
401377137
1221498296
1412905227
1787863367
1665194326
848170711
668862590
809257995
2057314967
1038900158
1410690830
1781611895
186971045
1652634303
97769744
1553348798
1832374118
1723226719
1250733499
1266193837
1295837782
2060621519
497747992
1431202740
14907847
432780546
535940372
1330389908
1831564617
1741679983
371577015
928594343
979553316
1660975205
415226991
1679989447
1596535042
844811781
53446790
1157998044
303676842
652979169
60095155
1073052678
489410791
1270782512
853982156
1403840867
173058183
858671786
844756633
1259982973
2087278975
659561730
741735199
833879862
679396560
233667082
280873711
118708142
1516290043
1002737095
1826166731
1998984750
814132381
443450675
1780883534
166404119
651231029
1330445873
1241934117
635232174
1386260828
702023338
670938915
1269164488
1079009059
1458484040
2045073521
366089233
601460888
253241295
1846906595
630089208
481835368
275155731
1857162597
1141304891
1072744606
336265370
1239653012
1167599370
1993179785
54616526
270010985
830091995
1906106044
1085018334
1015210256
1214700489
26248239
774102835
1009520855
1000333225
1945412995
151363979
33514817
1648997036
896638819
1606855603
1504070971
1843888810
1241897734
884149733
949933670
1653073169
1543771857
1187777979
2015218579
1350449513
2013954884
1943777177
2066330925
1180454533
2018675260
1972173611
1372924072
2079542649
238179843
368934017
771391070
597697137
1593646317
1384734094
837746106
103362618
2004495389
622263199
1544907464
2124518218
1648562281
1329683356
500539105
1427968393
705178457
155412445
1078966909
660012214
2109888079
1661137318
1104634412
2047119736
1533040064
1112543297
1045993632
1816788226
1080622752
937236407
604956642
248632161
192352220
104661290
2123410341
469327973
998367745
1190772434
121335480
1392565546
448147194
1328649618
11234708
1138046018
206853110
1052915254
1916235797
1954127488
331190120
1283059788
965430342
1727136355
1286593832
716372123
646874197
594780190
1103639223
667049284
233410982
758133824
148700576
207872372
1070829315
552098565
12510713
560306884
1014698992
104111672
1334572809
552192557
1752707868
2076260291
1814130691
742591147
258125300
1781478101
175808241
1834389357
134647634
697185710
772753324
1798425525
1977778003
1158471178
212482311
1622965842
163463751
338836008
802738700
1069923000
1952249025
793872501
622745950
1639590329
1505081037
378669018
1369581757
2075876322
701929537
1651983007
188599976
2033428340
2042673196
921886202
381708317
1006611454
2135533932
1431279672
604935292
2071868820
377310812
911589255
1620739466
2112412078
1849458090
528747357
1839582609
350439326
1342693958
1220305545
1643556260
483714735
690727030
703772628
1346684415
1979710423
2029496838
2061813587
1757227661
402862362
1366879133
1279532620
716963204
136706171
1633967403
1856534467
1952043564
1176364190
1269821311
1186404256
701315517
293777663
1523986677
801926782
1258617957
1971868617
739361612
163573778
1483055208
74584916
2099322006
1873716790
1616707938
1713846590
578299208
1941416593
1487460776
1560386853
1397515633
1994281189
1675182029
184017150
1036096264
393767925
1541814848
1799936277
2059891550
273397521
901753619
994701978
2121400486
1085024338
1981817021
2057686335
289660052
1465591649
2030997139
1630960668
945818756
583499213
119369638
419763652
708293031
1249045410
575800649
2105908416
1592824449
411930859
682275833
2070766920
294356768
379513595
131815391
1873271965
1815098985
427105369
75702131
1695165446
1015944845
2045806921
1387933242
263442789
2131739291
2002285299
1849125295
663873396
1025300272
1439030067
1085469248
48002978
1828169801
444373756
1940908655
1094766468
1946632761
1029649769
1201688089
1180791801
1806911413
1487442274
1467988948
906226655
1417568013
794780647
833499761
2135833708
1273299062
438940924
723641504
578392362
1657902978
1575192881
286745779
855452049
717065949
396137711
1688194853
1540100803
1969575011
1973508043
767546302
2006149623
1850465552
42892796
2013748279
630084850
1050150050
1121772441
70168504
1627631598
133646332
1629019206
1289593057
601748195
924196439
22747518
675551058
1073777126
961508247
612199299
781872966
2134120732
1339045304
1080714975
1778184538
1409861209
336136039
93165717
952616044
1319453273
60246445
467309289
357358494
1055583129
770690758
1723579593
848527994
893584595
1864935440
320761303
1575569712
1248762133
509911327
2086699284
176567034
1416775549
179968493
1153181738
193079456
1691406483
806883887
781281622
519557399
106618691
1237800898
976835056
596709957
881338229
1993534020
1451591576
435919840
859149387
1560397248
1766818303
1778908788
1566957558
1111320193
1545951055
1704718467
1205702453
224622599
2077664568
306742214
1590225516
867582231
1325580440
526331026
1537879645
646348525
1349645766
1575787862
1412943493
241861005
1620460412
2016319553
1865827093
696351544
2058132062
789182720
1465285771
771691769
608062251
400054437
1566160621
145390174
1372777855
1069075875
1271727778
1765617220
740141378
1770351094
456825069
2009144012
1517644977
1086798175
2069119494
55733866
9844999
681353677
1006277335
1797322780
119689159
362948568
431837264
794154167
180136617
464238950
1478870631
868048732
1904396319
1000128624
241766576
249722634
1489139330
621764575
2024280724
1019693901
1168697310
652172432
977566001
2109276693
636680278
791893111
2024653006
1258203297
637219126
2137458143
1593759737
1769537946
1182839443
2086897871
2037684799
1020256828
1321913761
748584072
1305410696
1705177263
33536401
138890028
2125620492
763278708
893480228
104449401
431769846
557060603
101336785
1933539506
433441171
79646289
1173605775
1293762718
855681847
1548554230
1831629888
1577105322
772186029
1732160461
1141238202
1060718377
