80993989
1903844628
2018102669
804058873
1104732364
25324485
1878510503
1172490634
175337531
555428595
1663329059
78019828
414395473
542480659
2071800126
1611581636
1448699061
1383220221
1870722437
1596589010
75417488
1295448421
1929486792
1695042123
353013716
1964295410
1368692525
972929625
1998525856
661747196
293460576
818123122
1388036796
1143047911
1433037032
1447138362
210931007
617799703
713677205
2109066006
563034704
1651937422
1281643030
1543978318
334547721
2101294633
524878759
1022424286
1580832119
1294692212
2122481895
234697945
1757457342
1122980133
935419591
1922919547
1433883482
1090877756
1988276894
1755975881
2090823296
979368372
2009014106
366880487
282843554
825947366
1896367058
1880418550
391241490
9856379
1770355766
1741459367
2040726206
58338316
740165800
223865441
494438425
1577000024
2142096100
500764683
1280193563
1858692129
1300426009
809112182
473951582
1204569507
448127964
410861162
133561449
410304434
324164914
1871516236
1787153930
156786031
1843318475
801944937
408500700
1541343142
62485838
497834465
1712090857
1521635784
1914484431
1678873394
1909639272
262823040
1435105886
890915680
762637479
1226311667
1291396793
2034344126
847165444
340643737
1419516449
601396828
903452181
1237600691
208178506
817438990
469240552
97313896
303035243
1387838228
1023495780
387259008
1471416694
1967671403
1563950030
199621051
1100998242
1350677935
1598355304
330265807
951615139
1648384939
742378547
2041355005
978627771
1197986175
39838678
1592094543
1742467306
382564205
458627735
925153648
705444353
1442030656
1417957765
155437608
272247125
1133117273
1707131064
1293143410
677667790
185938263
1361898417
1875633211
1353294367
1356379490
604256731
1557979065
1991922192
532690196
323245363
805247078
1364835062
1630697733
1876005123
1406958232
1611642693
386832370
911981257
1719698111
485176636
1261743754
2079053623
1129939770
1422315710
814090708
650734932
2108829142
117700673
1943883327
74326464
1941961444
189148895
247317832
44598292
961718261
1233067402
838966210
1073418343
192587828
531973469
524384965
332564206
1740636257
611992845
413959477
578739131
2002823270
1646445438
791569390
1963729062
824519831
882979186
783395465
1313663817
743172235
998618204
715620046
582867236
1618400657
1580772435
912395446
8516578
1460504273
1328178978
1272836379
162650035
969182465
445231740
955213054
431201752
563420096
1060904780
2030736245
477080893
2097375891
678291499
229319727
471249728
1505749881
1077710059
1062577317
300885648
337056044
400446800
233707999
342152752
2145713911
1884949727
994682080
779822747
511581230
1669687758
320193456
1659551490
282273103
884322586
1443780868
1505593521
346485940
1249200568
1017398411
1044906639
1083563249
801771747
155776471
1259145924
412225232
1598251412
1362101222
294215797
1358308582
960749840
1511945037
1060519850
956731089
1223312027
1433400576
57055569
944518673
415061066
1853163456
2031651164
1883133569
2096285430
827426337
76336389
1792484465
569197388
103926583
1083185969
2123266656
1233485314
605091399
132853048
969821411
1021295931
318247953
675259039
1611938203
136896065
606604001
1681543793
98214475
1202368633
2021668167
967117260
1943997883
592068600
1136545389
20272778
1771476872
1345453885
1826135805
218358500
1202421797
2115678370
685625007
122857776
1874428530
1163670766
2085356658
1581474251
1342941431
298545415
872521526
244559121
961543357
2002589972
1913881734
1176051722
1634158269
2067498584
1715105630
1151117697
1444839710
754235793
1900519822
169970730
165970690
832692194
1294566470
1368154723
1293161595
1437659571
1992775564
395862766
1890145965
1119903091
1107737567
889601758
415487000
409224346
1228027492
156579321
550461905
1832404211
1696911538
1360894903
224824673
200415847
892578618
1137142377
1519898173
1505971188
1128139857
1696310903
315757789
429618621
436934108
555316162
1278013818
371450428
1193601943
1927536424
1586113641
1541817491
1213445122
1219198501
2027047439
421234175
1683455464
373761686
1676350592
104642669
623293581
14753945
782165177
817848359
543648883
735204497
2015167861
965174951
1672770249
2140870470
1520904623
497821836
841197937
402740777
1929744566
257110186
1846663596
265684405
1125847526
213537340
2115028837
1407177712
671869448
1714680884
278327063
1493647633
981320776
1408466867
1012725851
473980987
925178063
1060438933
701204241
787522151
1052482301
1319780131
219985195
1020472673
1883050308
1162372588
58662673
247750889
713265316
1874136749
742198452
1887783930
1353823678
1690689389
273211699
1351742503
652809624
535668902
1463327523
884044064
70565868
707445149
323800959
437583444
1727221037
1110808531
1262233900
885736625
1208586775
1953203092
918755110
1243561606
1717482225
1029772204
185070413
541996938
422834274
1615340089
1214155718
1643547382
1752573933
931734684
1484429583
1289281997
869048843
791955593
961497763
1679807292
1267230692
1030099006
2119349318
2055072027
458291881
1300512721
440305134
909126291
1897850513
1668484513
726931534
1752395482
694307693
11511790
440432640
1297930778
2059080938
96223621
949860685
610928241
2047491171
798685076
307855004
1269005073
1853820513
643302044
1100823414
519320454
2050559408
603505796
1574133298
897784088
2126949918
162293193
1957505602
327643206
1590870227
351523795
708816152
241130611
727059528
314708579
2013976502
985643933
1614817766
1081274921
144991953
1942404167
1113744187
151346803
661709729
162443129
1075374299
1365742591
1542432584
1039448286
1801084113
1542894321
1262709468
1897864971
1545292481
1320697312
1198493203
1040784863
1559414683
678115338
987422346
601242885
1665602302
1333245096
2058045874
1754090646
731690023
907987293
538608471
1660635612
663760020
909768135
647645902
352357938
1026161209
1534603832
1260361915
737069575
4080478
1048049535
181837692
2034527745
1644504595
813740511
829827126
1660568637
1051608401
873672993
1611101818
702684085
1543622063
959432645
1423998099
979470267
1489685437
1042934612
1868614254
776066466
912936449
843859921
1650344230
494828155
573598860
999118926
1706374444
571300605
1116729399
1933817498
1656768784
1404071806
915600255
1212838936
1664543470
1796630046
1338144506
1778304339
921125065
468025611
425909561
1988094746
824873084
1805441117
147017270
67270517
1187069005
1353921471
1368030014
692740365
477400780
1008866980
180436597
1183172357
820063664
565079614
1978439054
301902223
848157708
2093152609
163113217
2055100826
246674705
408292486
1790987499
116584873
1389922682
926962668
2117973377
2052737471
1310304664
534926809
1667545394
1383790710
1434584570
1590728447
95754841
1722487600
2037231800
1687839481
1989866140
2062384996
330131804
683498228
446691812
2116667162
591560046
798493803
1543504633
1699709554
1508108187
214954506
557475768
1609926750
1235089281
457400500
870039284
110508143
1751673882
627442336
97965543
437080013
1361283778
1559143070
1744406355
76602177
464215270
1764174200
301574714
1160116332
2033770059
605802355
1977610806
1487616027
29066744
510960629
1490697078
303928242
1590834114
940879168
1214012501
1004144580
3222642
1925972572
730740376
342689221
1278439060
144597267
804741700
1545735895
1085295071
1316348438
1757703194
1075374528
814924604
1454476606
126304689
424347133
1623125877
1324986348
865338670
12762608
724176507
1849685905
599073441
1198475828
1548538196
1223651913
679813375
43735057
434361503
573618082
1374308536
993613067
1491663301
1273535356
127392245
1024958869
342943934
1474030856
1689922672
750779619
1514316925
1632166898
2108601071
174627805
691256313
1869544859
427719774
1259502895
2134000089
554183807
1063349384
366455933
302929084
985815990
75105906
732251828
824680994
1031170198
48054868
776483196
1807740410
2085213301
645368117
368089033
779765960
1362792588
370642977
289365393
1126121074
333997559
1484352778
1887250556
1724090231
1995226178
1473146454
542925469
1201608758
507293715
1049983294
481458972
303473735
2062543897
157799869
641307560
1668868254
602530701
326512559
861201283
1996272564
1848348013
424398601
343174002
1995960220
1635755713
2055608826
1242740430
771293860
1977194233
583261852
1917606840
1468879012
742062195
1876770391
253365354
1176651494
1207035672
90748115
1420897192
1016790193
214062886
522146967
916190804
629871220
1311692296
1014625091
1087992865
2015893900
666449761
1770168166
2045149536
1049456306
1673121831
1727093245
236217334
2122518788
645136876
333491593
1764130159
339124142
125368377
89545931
1744292907
2111719477
5610003
1294336799
33689014
850399072
1125568927
771170418
892040246
2073329347
763325409
320187106
844955901
522346729
285012640
130801649
238204479
358733341
1469907558
1693822820
666366429
1429187541
966442659
1072282046
448095071
561938620
229910001
827948116
146484993
784457563
1920018547
1695147277
451473380
2032671075
1409450582
2111776696
2006870885
227167641
2138864761
541740810
366667659
1036427870
554816809
1834263346
20854426
1371801024
114809780
438428255
141509090
879581102
864698362
1495818142
1516405617
1583170942
1036463442
941168169
741901597
1347126367
1947121399
1312616931
1128934186
771324078
1361046205
1823050511
1490757718
791868996
910503058
584247467
935238179
1525578585
1219725350
1624297063
1180686419
1350955027
1510095527
316715073
468420978
1162319023
261215909
585434558
230960781
414148682
2140046357
364140230
346978304
169079373
1647246961
1586887709
710202733
1276508275
856298236
15740282
218550985
860965753
49709348
1720358726
537916560
524645473
453328640
25317874
600499481
2026876002
1659126776
1874834677
1959847172
1031547247
2021137283
135012193
712151247
957049186
635216395
1584230433
1093021064
1063830981
39939566
533628881
1189662365
1402616381
1218217630
1473760826
2027079375
411428756
1198926824
349197672
930412101
1164475745
809144146
1947194474
706455485
35673174
1147830685
1335055270
686608093
1369678630
290600553
1716126934
1445108135
1605687313
1165844472
1649238179
75523851
550420749
1729234186
1108296668
732910743
15912083
1980732136
1832543827
328250698
303975683
545639805
657270100
1491592070
38815924
825188254
1027357635
1428291619
30933148
1016458603
367698385
1469665440
1572665241
975284941
1503489627
1637551732
34858074
1129617439
2024158175
181508483
27301868
2081531625
460059419
1050812332
1910211301
1699883207
262298948
1001122687
2096243495
1278216808
1652604896
235449356
21251153
131169458
1600492608
2119182294
2077531336
1772801539
166284446
265743591
130150749
651515283
162699471
1195814909
1892059548
453407477
1594358948
11021538
479092400
1008714684
348008931
2086762969
1527844598
1350684986
341864413
1923670068
530792476
1146919012
333927084
328952835
600029685
525168081
1923398667
1487373543
1415783389
164618209
1758898130
1567556100
120188612
964647162
1748536844
399067924
1437504984
234972142
1804242102
1732589721
1900478419
986485881
150942487
361989418
96627422
1107178982
863266999
1975370223
411430177
976290256
367626749
1562042408
719074280
921256198
2070705256
1840349671
2053753715
214882440
1029233770
524903390
742512986
246670510
769713884
502288979
715903899
107914344
1930141730
2135702320
1508466242
922195616
239438557
987434806
634657203
1210633148
2145984582
1297761362
1402850199
1577684287
812170285
1764104
1628989560
1060314838
302559285
1700857645
891451572
524204250
2039630220
638351310
569476833
806257189
1871524285
1174741248
1624540596
2046956539
53855776
935478229
704179719
54562040
210163537
1196573634
717633665
2024938097
1916744686
349295574
1129252836
728069625
749921518
1924367624
1144942067
238582015
1351456156
1248372648
912545022
1252722837
2135507247
886673912
2146088972
464894795
1442045960
1001029076
1240331171
242334522
1603301000
363243934
1711645805
153326434
1480119764
16163591
989305656
419121232
452113944
1544198172
1489553502
948198976
176253858
521648314
1131968908
1328074871
2091407207
2105508109
1375526330
1835340480
1739992124
1018698118
1149193013
680976300
666504424
820872172
1276288072
328952058
263074276
1887913866
761949318
1411181585
1388638385
830959238
2105319607
1261292713
834182870
1693632082
1004749661
944732042
1531734645
1245672763
1911250913
1113943917
1974723209
1447434015
1998464607
108594686
167282879
797094716
1868317195
1857577731
1045456621
1739980067
1878518846
618896278
1045316147
1313632971
255387169
1417984910
1736680877
913836481
1425941236
117162748
808885970
683818365
1583582460
867547601
533767532
1965519057
1578036999
1911954333
189385012
1302967418
1974316189
965475698
2146291879
171355701
339881716
351907214
546362744
704552944
1894952991
832363942
1770179470
629391360
1895084078
1936984193
1199831418
1573970624
1221103839
618303737
2066059022
1759172192
1796660037
