1298594820
61978521
244312918
1517235939
1807147187
2119535651
1232466462
533614296
2039519114
32710126
776644347
179364589
1567943035
1934339961
794673413
1378675840
921079349
1144673402
1922640924
300374374
1318312237
1478597407
1595631113
610993142
1678372165
643516271
1669092146
1292788290
1040138518
1023746768
826828025
382711393
152427999
166986145
1356958643
1123725800
1314022153
667304199
976424512
795319927
1024161878
722125372
632556523
851528481
669271338
1198535578
1380484812
2088427792
1087409521
769423884
2071071279
2050648144
1448232229
1616812114
1491709664
525620206
854477769
880213065
331489418
253561327
1862236895
239755881
726747153
443238302
519375046
969420649
2086928783
1418934532
1382281292
1196524029
1764554730
727602550
1800603352
1841323711
2014797839
1081291592
2075790125
1325561900
926412237
23176352
304518876
1156658373
757202000
1362792293
1249803337
29930837
470582328
1080037973
1535490903
616152403
286398805
1009887542
1170658995
1001291613
949012993
293675556
928969658
2107142116
1172462107
1165514249
781963016
211640295
225637275
1843705387
300953502
1599881688
474220247
1255989472
1327768239
677780122
1489679441
965054300
7399943
1896726700
1114946106
1702776491
17639193
553200479
76840840
827561402
1512860835
948515907
1319401135
626715279
1715339520
2102971552
542880254
548858009
1021917962
1138936096
1334911897
1292638753
1132626857
669877642
1980277519
1204598496
437954045
281920169
1570534039
454064555
1434105892
2064007243
1936170476
1422843722
1022985896
2086647141
1245785282
421871718
1421610120
1651304532
1604174563
1345804448
1078010337
396937534
57468907
424668350
783362873
488149143
627101852
1548771840
619524968
1941570496
199435231
2069444753
1030060580
572924361
1617352024
771914521
703996199
1372756567
158257060
211441007
17383935
140546209
1445120050
768681068
665343602
579685524
1564948155
1327329499
177962379
264346647
260246111
1024944012
131319621
1627833960
44914270
875724935
1741050067
276042661
1795608687
750069598
2125503370
487983719
191273664
1505318556
1956325484
453027209
874476427
125712473
1727398482
1909449734
22676562
545390063
8093877
23999744
376613559
1809596615
373304601
867066333
942978298
2101632588
807097622
1363064972
556968975
1295278338
629306116
1406490598
832234843
886057135
1999255362
2052169775
6370827
381789111
65182755
1275914683
571097617
1194724230
1758465654
1993655213
393380028
1320498726
955929777
1630215387
1681043699
617295600
1992982202
1150081230
2134947550
663202819
1227287275
216717270
329447545
963914970
1466623452
1794902540
1087187225
1949693287
228114070
971581007
1137125648
1432848164
1673289081
1954207770
1756023488
1975700173
1590600801
1917824991
1358888470
1199189843
294455213
945768519
601880999
473400810
541945323
299580823
1315085157
1338723645
424157217
1170536750
1091230461
1431322049
1952724154
616395563
1989199825
61999399
296713996
579087403
1580018829
289627883
1928441218
1097646384
266244712
461269002
1541070955
1340513181
1697185273
424414160
264807261
120086365
274620339
1449226191
681628487
1850267940
354636287
1384662252
1181784851
1353273038
1313038069
119378835
737562868
1840329699
144811958
1759238410
1000316497
1083794492
885417832
792750051
930217037
293938879
1842834383
1118379404
1399467763
126442053
1968258437
633773824
230689019
1235635869
3690966
122711712
1036411451
557771690
5587002
556485916
1299434157
56617127
1074042223
1871148939
832513049
1230239115
953318963
469988507
1380183135
414046344
1713644443
129581794
2035589731
222273965
1362375443
1852234323
1616793493
1820735147
675654643
29364940
304537627
738367668
264744121
495395275
1444975518
250504831
181836265
745144641
1923575982
1640971368
1555208318
1307980159
2099397843
1942271157
1007220235
609839181
317676337
1344727540
1928181875
1950146330
1679668183
1531411839
1153183553
1391596109
200680868
1761952802
1500053669
1384309689
1877243094
58907347
1102957580
1428435504
302450736
500336031
1763581019
153688110
170690247
367909542
1366754247
1829118902
821119082
284547901
410409811
2069297467
27468460
77610289
1874608103
776860596
120634512
721471019
201918218
127693778
1330787023
782875439
454264124
651931726
1206613704
982287934
139927539
401144155
168129029
724816924
1416021296
1504018747
172071013
805473324
1338606268
1396235246
1492923116
121054327
1404507908
2071365637
1594641699
346616779
1003910542
1182397076
869584685
296567808
705026327
2115078213
1288236648
241960534
2010357067
692618633
775863996
105393146
2051586592
392714218
739069571
402506919
798579408
1984266877
1923110677
2128094570
2027793009
398006131
1837247471
251951486
1136431154
1709635790
1736258175
262750037
2056500532
176304688
352373902
1479627704
683920898
1975770574
1208631114
1396788485
167625135
1264461444
739295471
456657048
657763963
465768185
319211898
1365197454
1008367253
1338435090
2000754421
70684164
379468540
1050233121
1882505746
159350968
1002239999
379730936
222435603
1812508709
654119421
225483474
1553052896
1395620689
917643964
1041196452
1118385911
1871520627
657064553
599469708
1744681968
1557503525
1967231939
1428971765
1378954840
479333652
582586397
331867394
1359824196
1894128243
189617395
1168755203
1222542991
1538544366
65907848
1192314445
56904363
1842095522
720766877
348836213
1429806029
132458240
1972831147
1083926270
1703020480
1979211722
598792893
783811116
1956971590
1725450811
273594087
1740621047
1172369446
336609091
1556710246
241458203
1585470167
1184773616
1076393302
1037259340
1737022663
136697576
356460042
1865163911
1323002440
602539539
1408022795
603588996
2136386328
1196041301
1247618992
786792008
189989003
550660985
971336791
1908459990
442532951
1531110953
1503979325
30657029
1697245692
1835443738
320993024
67009389
627297486
1615657540
272457390
1997459067
1650365600
898664271
498578313
2057141157
2110372623
1391739913
196979802
755935415
1377426280
1037859860
572771438
789467467
426743607
942283421
365397041
2066580566
1601436013
316710726
261325158
71608543
1795138093
1709391654
2105968897
1041243084
942449971
219927526
1182258337
205494485
893887713
1386633996
1607044525
1644560537
328422376
1833297748
959313826
237785512
960431291
496886679
1259326962
1434184732
1617434757
2038985380
1608863794
658636621
1550378768
1348307027
1079128023
135081438
870684368
1636240653
1114800479
1768857204
656226459
499844126
1053835562
282552453
1502464273
1964859865
477498354
1774632008
1989582502
2078138841
2073732329
2001033164
1993305678
1473101666
1413514094
715258661
1489154244
1789219301
106840683
1269542336
1604113014
2138025890
1733847885
207734488
1104033808
282237032
1919071905
1315503891
29667162
1702302739
1701378273
1675303753
1186110018
953166771
526277621
352474583
1839366336
1398149744
1083916752
1319466769
32023860
1446444898
1048734061
1674623714
2138897214
1041065225
646100665
1200808185
253753604
785222099
1025371627
1570297035
1042304176
28496716
825988254
1537534761
1541478929
409072371
222070452
1658212534
614825000
1239402895
644845494
845912648
504614474
2119337507
534069175
2121068079
1707192097
472366495
497941998
938643110
1421303602
1671393196
413331014
1804808564
707338609
1208016498
31897285
1129024218
32039539
1577804692
276608796
34099034
995382956
779194620
1713141325
953609042
929048046
1815733439
462740175
2032608799
1431732110
1928334538
1975559727
1683591126
1761484687
613389942
250434839
350959336
1332354521
386360667
1567854512
862855628
425215755
1220493399
114123295
754221099
1180872010
1449305426
377142151
1779217749
428313472
2083800822
1028831055
1617261135
1264374725
1219207380
2097822614
1912130494
1547170659
918317988
1944831316
2141551871
575245698
437375913
1128373262
1784154707
519173749
788755251
529352501
151950392
433445279
254292798
2050670364
1520258515
1627853827
1514886200
1722512277
356952200
1787587944
206176480
534569511
51996332
1163098661
925101386
36705773
28829522
281186190
1265607679
2039679758
433003842
1599427835
545997633
2099417044
590922504
1888295793
1265405035
501931371
766213672
1369884144
1258243959
810992185
471122799
1570417753
162471066
1791023060
761491044
2022146809
1428825610
1293409956
1170677214
527429814
1102814175
1430190359
374835119
599989716
32644119
1399070842
2010649982
1025713509
1002123444
76729723
452934835
534836043
1104532992
1844342328
1382949771
1112783083
630711025
2145379331
528237899
2133508720
631133607
1606083253
339994512
1236997817
138323473
1670622123
1041715909
934734817
747593904
1959476834
1758715823
1750309480
616590196
299874475
478612515
1145264386
476018370
1089486986
78309591
380807932
1663777943
633303473
906121813
38669127
828395462
1702160532
1391625995
1825766947
2132041053
395191593
1564396672
142103401
2036392486
402169662
1751381409
1865155445
1139570249
2110948982
480033849
618770606
334622991
980240353
1693777792
1251178419
1968621249
612668215
1105271242
466049059
1591091887
2110667185
1722785632
788930569
1843158860
1488117893
1308555372
458580963
1166450294
1187324156
759523341
1355085
276063188
1040994353
814822027
708225615
2127901529
1561446504
252687524
1280427839
1601852901
1332948488
700800517
454049108
2077558282
1412024886
1699586260
1807630281
1707828971
1264497936
1687750762
1203081642
659736385
354756995
512805150
1204842047
484692599
1081081034
1449802557
58871314
1430614517
2142032772
862573333
643019421
485834875
910118512
805062704
1424409237
1707119011
960497863
1250278814
1526538445
705638281
168223285
791797100
450103241
655429766
2009443958
1854732593
36852704
462579479
108004490
1742561734
1263846924
1858964956
1576961940
1362446357
1512008018
692613565
23569237
623417610
1967105224
834878503
1577932351
873948839
1977164872
1536696180
1652507449
1412730932
529555888
382224233
132769006
821656467
1625831634
846204888
1610570962
2075316658
93622271
412926822
791934899
1079988249
327979085
55333699
469536190
1523716587
1911828628
1953630456
699462504
747774510
1486712314
587945358
50627346
1483122283
136300636
789687363
1178926072
742464554
2085142009
375883209
97613741
1579725310
1994868549
1760268615
472257524
1891857759
1727464781
927380342
471998527
1183533974
149925057
136287724
1468623041
1560038494
746183186
734176815
484116852
2014300028
1423469531
1326553317
1845035360
709398657
1470901845
815430356
1497913345
796821232
685682697
1599456904
1908515619
1496720303
1134635601
745591881
1768593813
899159612
455031859
462941431
1466483945
1423301757
425941266
479641868
2036723370
149565419
1395002240
424359908
1731741559
1132818845
1677859374
846886151
1149626880
1821588972
1831935706
1027467728
236202248
61433463
1091003074
746547857
1978735325
293597452
1697699747
233190355
468722290
136106943
1289770860
1608499642
726118426
295575581
902493316
586906503
1921520611
2084990843
1247528117
1845384504
277273485
1067090535
1168715955
570665290
618124838
924591424
821785165
752004254
614758211
178097122
398756655
526646906
1858335708
191460985
1348771409
1804138150
1602360005
1001361783
1385838080
1306424246
1932020421
2146017952
1319936135
315558760
901539925
258291010
1658269050
1518640931
1612813559
1525061507
1641985438
912750240
578566703
26548946
581400440
726213284
1594284578
1378724224
1941434993
1740343787
1594726346
938992487
125176482
1920508449
254265556
424350664
1630953282
2001041161
1134725911
1404269107
1686789545
696467905
939849648
1964851359
1043872512
1422619164
1950756286
284326042
1368432264
161459247
1633095351
1827723674
1879598723
1686428648
2024089189
2127121009
951685570
15769815
349821057
645308383
274003916
1768059921
753962474
1086913089
2025789864
1861618217
930102146
1929645160
1554838856
315790175
499137702
918666629
1673160082
590519253
618011463
296728639
2101491979
1316646396
1484357546
374708455
878233890
755955982
179642808
721063107
676101143
880631220
90125826
1964790919
1469856646
69427911
1704030294
265731042
369789332
1057698867
1074812406
2033825843
569671349
1815145976
2074294651
1325236316
1543412247
2081330506
383375942
1634144175
857599662
942883289
1062355358
1084532230
480433885
167008555
1625364331
1418786543
1825765566
873717284
615008398
969202179
57869582
1990522535
919304411
1816817240
1962752696
78113111
716135092
759284492
1137203452
32044407
1227400771
880162562
1152600636
968984303
592513619
442818985
1134850403
1385261168
381779357
1104893344
1716441937
30546705
1387732206
518098493
114597267
1077540389
1147675185
376746092
1669135287
31358898
539384061
1539255125
278015270
2145753102
522168041
1001525250
1686433215
804021492
1231260574
913045618
1559168127
50514924
88230040
1944456652
1374147276
2107699400
911510137
123076529
