1386707461
1058507539
2028399364
1343701485
2021345791
1861582307
1254035906
943802257
1813420947
1469309155
1286599660
1843582440
1647210915
535253216
575752339
516814586
76433659
1148057840
356647392
233500994
842258166
161302893
1522258313
824055861
515690559
1963582605
840778336
1940249459
2093685173
1783855775
1856674053
657612425
1906828648
1837101028
223792572
1149404001
892624320
898418184
1240011097
216461639
943628478
892560188
1248358232
1061831320
381414745
1422684401
729693961
98968329
525665546
1753754674
228144616
272615569
473949028
359997854
1009126667
201511156
1387400666
195849985
995085236
494415341
1214832037
739394703
1015605510
507996664
905528765
638255036
1203738325
965423033
787396356
418437563
1504880534
1940299276
1180230786
731628432
1820434806
1901564586
23218635
1905043924
627683462
1423619444
1980069245
1256651269
1523206675
607694432
1477786086
502719367
1663529748
1168150525
179045826
1546677820
1175239612
1152000164
165201697
2029723835
1368597040
505105469
606329447
1742704687
1811754579
32942251
594323310
1969738703
1400879292
567121621
281587398
131692021
201518793
841951826
1905715484
1920933086
1519273421
37069232
2030467768
1226949885
290140004
507959649
385735968
1161103100
951419112
263766851
868204762
683115344
130916348
1355910347
1358760271
729820535
84911685
606846413
1096246475
1346556113
1303629369
981547498
1557013153
1654769944
191863567
249867926
2068253036
1422428286
1337216470
1713346500
1618939760
1894393185
1298028962
2061739313
2051733278
1798883758
1222881
274786890
1364062646
1595833807
1849796043
1816060603
223119879
1280141650
487921656
1183643029
186923346
491078424
2072840459
178241819
1465133133
1523403573
1155596940
832248106
722058819
574474347
1560155860
2067612226
1256964184
216638270
1104103201
1778291509
1082712810
2099796148
1476720841
224479082
1031458580
453648043
1802062732
452979662
270319180
188986326
1956266754
1898279001
893709868
201127254
1834997043
1528858680
1793216078
1417999345
954404933
414491293
1624500816
1612702449
1055697232
1906664991
233157110
885971611
472147534
1090402510
1454793071
1521944650
305132846
1208352471
226782128
1867351593
1084678663
1869076944
1352395005
977712266
70942314
10244770
125676422
354127589
2001447888
1990916112
217562158
375723631
1536531250
445848552
812228966
1207274582
1186182072
1303050436
1584591416
320394647
741995145
766454397
1332795232
1432420989
721040833
800129838
815217813
662279095
1158022272
523298528
1564251109
1850455828
35882527
505051095
1832594750
1458001373
1541765758
1001061752
121681593
1675310997
1106086701
162134929
1956954047
857446507
1239137729
717103655
677337632
253627595
314859427
1241973975
478464934
1963421276
1469761939
1153188456
475186077
1701532220
2033813136
1269751882
1467629710
168241301
1533747994
1308968135
1101189159
744586200
251541378
1455712713
665758518
46901657
479000095
1300050498
503140308
210767623
211007628
146369596
1440897950
779895558
1517754493
2058529149
383813663
1981192171
139544552
1192605910
504679242
759676627
166165089
2109221384
968605218
95749793
690180484
1322378836
268143484
1396882
1660509835
1076070302
2034157788
1880257662
1071966976
1880275005
194034557
308965037
1613912716
1859159393
1672588141
211767635
1431607277
1387408929
572655316
1765446570
2073501446
1118017825
407713621
18348202
432363024
1621310173
1751722892
1660282728
670631918
1361696404
665695928
1246539528
1187836319
668804051
1851197554
1254871136
969766093
76743324
362323611
1853097771
1783669122
773556276
492450645
1790340327
738191610
1830997638
1617840423
149729100
1030810515
1298141239
772413252
1166275688
1783624673
1691761479
1153480677
385066588
418762974
1086506080
977246931
867369133
200007998
2023367871
1772641793
2020858183
1274823137
230558908
683953749
1133952789
773402978
957347063
1016066695
2008295477
281402061
1858295841
1273045538
1993869788
1742461293
2004713316
22039208
1581831110
380364738
1350921072
204842195
1158179159
481119121
170198051
2106932213
625824339
391557398
1409636565
1566624129
748420407
1165248341
2111986493
748979874
713788722
813305742
470753027
35927561
289361347
470708687
428492770
314558404
64325104
1115179171
1970466937
1372264778
807273760
1859958248
1244197807
360346515
225862550
1600926399
635970241
1086163300
273649802
1055091868
1977389546
813488040
675276774
1698406781
1579599277
1648978426
121547162
741297463
1302932162
1951212864
1197034652
812849643
1885659776
1909054065
780191615
424682904
88247953
1993835382
1838450863
1825296074
84173744
762719278
36862023
1473927793
1516859676
999172492
229571983
1667032268
333357854
1833001179
1284350485
486551428
202943695
454721826
1753386086
1167654613
1765450335
1683173539
84847721
1853085671
1281338882
1488474237
2144080729
1465455163
1914366329
1673762929
1595773277
753094209
1449592377
1567878337
63722182
22381318
1949306425
1096937524
1842337508
1518269706
616310621
2141484087
1168652933
1083082799
844948346
896567582
2146988043
958136014
1252083461
1327173768
1921605079
1171590323
1386817224
1489715717
909508572
1402265154
1902625973
1651745948
306901894
1853737942
512634228
931093478
344297213
814741267
2107903409
225979593
828096650
811379993
2088343177
1561885888
703983245
282592696
1569992744
1774648979
1796779341
286791980
1249993930
471015950
1151100546
1309333246
1950842050
919486460
893368707
750251374
516750108
1475873811
297832864
821832132
1321356421
605835624
441059358
1959873477
1682389717
1942691532
982789071
287465025
1199558464
2095500979
2072668238
2010891977
60615956
1855417141
60745429
1432837759
1150783279
1021906995
146596539
2033714693
10629633
412290450
162630540
2123187863
784503866
1514122147
2088939206
659468853
415143952
319329187
757334830
333960441
1378463534
869924445
401575886
797485447
1837947708
1261365998
47401099
1295753889
435809543
238731169
384670310
1191279578
528174158
473487096
1005863247
2108957538
1515991592
643865292
1792827809
1509240576
148496405
621080460
594575167
1895919135
1393360287
617599393
1886424137
1930054399
174253740
569845490
287435130
483314956
1064391779
550889091
293130784
247017036
250309305
1134876728
149048761
1038292465
665179287
1849708216
1389191463
1982966286
344471722
119299437
621009296
828099174
950333638
501165223
844016341
1749018209
638881271
78720480
1768389549
395575320
809587494
1800213018
1886951773
1171361423
1084715109
2119533669
772156694
258478338
1683056855
1217710717
1823419627
719078744
623160639
782929295
1969365613
497488820
453580067
1382952220
453607653
1401315627
246841500
1980767734
1022682413
497228688
1293847741
904591208
1308637483
1754460266
865920158
52228211
592401643
1693532423
16210180
1921822514
369383256
1295123882
1449101486
2013817951
557879447
361394655
951747391
1776061678
1419999233
1266043887
34566339
1454306263
150521786
1855850864
1808066527
1472097777
1350465522
64021236
1424309402
687454714
129823672
1166487777
916238786
483905203
452428150
1326744417
2032735996
1804804392
73431309
762709871
1394670956
914607374
1880916366
1369500434
1700891259
858778432
1515459780
1273439881
286204742
590839895
459862799
946656007
896919608
1006714590
1315349626
1136751589
531045622
129984905
168700677
1122638882
2106478760
851409037
1717077680
272104237
303452512
1133443528
551596024
2011799257
2116660260
1483935999
517505009
435233388
1895228314
1313372735
1793441788
1756167382
402204495
1830686820
1134443302
1447706623
843642275
1119484344
1840073501
1306671929
1598337621
182041779
144374480
659722965
1834474407
1540705663
1062373199
933644187
1970005124
1202754557
846076395
681159184
447076290
1962810232
821097788
232478502
1796050095
2136817291
1809603661
1753372862
1695001770
1713538461
1838098936
2097898974
1084637559
927335778
1711594048
395229703
1973489455
178381691
284528462
777179042
74015432
2116633401
1892101127
710086552
1339555645
918682751
1508326982
1915324556
1178659723
373466718
701186256
136706962
1768865615
522034717
478835788
1149067713
871909035
1573953852
1560116143
721143161
1606836604
804416675
2027850836
1867671106
116144136
2103185797
1305453760
884871195
1267078375
965474818
1476727192
580015599
1788588942
1405703661
1139345475
1975566629
503623033
775049639
2026901789
1620191318
709775349
1222875434
2052561748
1371111194
973915271
999147810
939766883
2110427387
1148589564
2100662325
482770217
789854603
1749302286
1504010852
300652197
251972498
1581512624
1382269065
873160784
1119385951
1531505143
3386011
1582883284
725967451
1628485007
130102401
883784959
827409065
1451353211
2134827175
1947339369
534640069
26757384
1114783446
89367979
764023915
435284025
1910897325
693380426
2007957350
198616562
373133029
865253838
1702230442
1111001767
94481071
247538817
1778618752
701135269
1416252218
1207132102
1476078299
232767997
1077521232
1102787347
564632778
1749259272
1233865504
2044644492
1001583623
2094925212
2104259094
1777408573
732335276
1552670411
1905524547
909864005
1381318650
738900045
1429635103
1935613238
168241068
42240554
1074517283
266765260
1637495505
1508462965
989569538
1552793402
1762539791
1814046194
466067560
97061985
415362779
361798960
453709732
708582712
1028654019
378017290
309738592
954413668
570909952
785726676
964395659
1858466928
1387517742
1717528609
1096239959
1517053609
328284439
1666889774
1060284766
272231833
945217963
664699630
876106975
1054343966
1198369548
1832007346
1777199655
765055525
599416006
251493748
2032102411
1373344776
1863272220
1347095233
21572754
2138319234
208863613
1360666178
1842109871
1224542539
1092050454
481387749
528264235
781991509
1144702081
1546027693
1750689441
1455280033
1113539994
305671954
447402659
1332054974
174447218
764243477
1550086651
1847054815
2018599005
684396517
1035409931
929534616
417072167
496582951
38395734
128016949
599977571
1262851558
96401175
1064244919
1809261283
1338677527
1310314767
1330449260
369990302
1733340513
1910224322
839650138
1956138643
85300639
1529529234
582608450
1629200335
1469957840
536347887
631329216
596101372
584491791
1227367923
1254634672
1983631095
194114420
1930366524
1541946934
359435779
510942303
680241260
643319781
2007716209
1309048200
414044282
608095671
1674952230
523159821
1728175862
682722606
1950516398
1875738906
647652969
358157323
1541792361
695379508
1037378778
639535274
2085077987
2107129890
208030573
1269609976
900758082
1422396280
1065704999
1449882898
2131629528
624571841
860425676
1219796604
132356056
2020307528
7572969
1374842107
87313702
1954763139
1900480750
2026077200
1576059975
1120429341
1586623603
902165521
1359999096
1315855007
438118299
1256922597
911616986
123918010
1092728214
1842231387
1140124362
1845525299
1854582336
1377634600
1640567375
324804971
1638336231
1229865851
741016493
2094461834
1152519466
1179221567
857902870
1365290568
1264379388
937825260
1753358208
637531480
40483528
1877075466
722440594
1919632497
1049712303
1522966084
462833592
609986297
1685460460
264480549
1235561814
829096016
158542169
2003613297
2046065432
375541431
331698187
825254690
1931095656
477688540
804931863
1322770686
326190585
1607247363
870735736
51944401
1543959936
384461010
1756598793
1708264525
1361191555
339432633
1679030700
1503510650
1017945161
70048252
72953741
1753035227
1049272561
1285198942
508335489
1347461919
434397599
1006141548
1245741704
83615616
363747281
1671363427
1980790129
827413948
1165516240
218535871
734433181
1588177070
1792580673
1683517537
1920907739
1159032713
1321631451
739787867
1828975987
351829936
1040908851
2021147995
497711934
37337652
2007944371
2042307251
20015858
1185412842
623092905
1518828289
1696656508
1013204776
1626207611
165183104
1564853638
2074831389
854341113
988425193
230262040
1826352330
69542347
1287401991
1802930010
1974734753
878893065
623714262
1189688183
2132421560
955257065
568339799
375649694
284422570
1454226579
1169852147
1475450658
792493066
1837792529
2036966793
316257986
474926981
1162513762
1991433494
1936016130
2144993939
1789249453
2045045760
590149816
1640883929
1361747091
893842687
1939474339
409120287
1831857565
1684860328
123805492
2110498025
915201237
261106584
482493809
2093792436
401392496
705387065
693893615
485244879
545694120
1032045364
2139506429
49653971
971143592
1371435891
1418887904
1184380864
374089633
1849583313
957784888
834371253
632973562
1865516129
1823941761
2068693067
258598052
1568986456
332441525
1366530447
1498883723
2127888536
1714212748
155391926
987906450
434295961
1872366386
1151463364
1312168818
1982875682
1278918558
1744376971
257444006
227772663
298486118
303201732
1949821474
251454862
1044743829
338329046
598263552
1382613880
1737537410
819674886
1360175682
622431238
