1697203981
1471699854
821548804
787177304
1534391040
530468057
606305253
1051632352
203625343
276078594
1317552905
1972406490
1792248981
1200700577
317964595
1354420041
1564916673
731315216
1418732412
1135859722
1884742019
256532930
1745848743
982632892
2064081142
2006138685
1378448274
651072845
1492981655
1114267061
1193563081
555911710
946155299
722069318
1064597813
1127989970
251915167
338225614
932880882
1191400632
888870769
1593175398
1618979134
856017874
837799852
1116354683
1051714189
186850690
749834857
726596492
1227871161
310565840
1518375248
367476354
625811542
42734426
397371958
155519399
921278500
384622041
398231520
1295901764
158038685
2134135627
1363250406
2111464156
1809654191
63054787
1851476659
1096687358
603415940
947504073
982705833
1128338123
1928670076
1079752047
603516769
1453912581
2034479676
1619400689
808272912
788576975
847924448
801523720
60477445
917919751
2067619660
1014495947
794573902
1854525244
1998294432
1099619650
288283003
1087837262
2041655497
1406034569
850076538
1669020833
644694580
2058619550
1305371041
705129469
370413726
2117274567
450299083
1820292358
378482696
1929177251
1051559321
1653065554
1298085574
2103516363
1806542042
1061545260
325777845
1924573732
1556090885
149961445
196155788
1803874500
980585443
599642577
1889260364
43113342
1799153482
2016671973
579085777
353504012
1703090179
1616354539
477134475
1461209560
1867056077
1470736991
1668038470
1470902887
185767803
2058449642
68718372
239374946
590540344
30257272
241961133
1449178178
922184427
397697016
941487869
910449048
1137165749
403918255
873657372
1041027063
1705127831
1103547706
594270826
152185471
2120928817
800700190
548739897
1936607750
1148711333
727279117
1313057909
825490916
314082970
758779320
1596841854
1459300187
99116637
666068299
295801622
1217096097
1788757793
562249610
1589531254
1362989196
834219623
193153670
1320227707
314865625
2146396025
1306054907
1220044286
353426713
270475280
1918433097
823330369
965748281
1587604757
1489604109
398976132
1941751468
677288324
97399900
970314680
158829879
1861534061
944972700
197800267
1099678809
1238096661
1455595262
1277229090
1521790804
1929211961
1659347099
575000741
538545628
941910386
548404778
867487731
1914564699
1191407028
2057953116
1286780982
238470879
1515878384
1790705620
545238034
986789025
2088035546
1540740806
853829431
1541329459
889936581
1775001131
1504259607
1105963077
1395199401
1089065886
1762051761
324848915
133824839
1250061526
1972694154
1513827951
1692404579
214276545
499044797
257733222
403077168
564334137
863854378
1047951506
185094858
1016360293
1713374666
1346741756
87782365
756027567
644354851
1831388587
519215203
150406237
1917295318
836397005
111862410
1326969807
945039190
1377716609
817710771
1468161876
512656307
1690103615
66225815
1098978728
665063572
499006437
828406916
1263045390
40056388
232808205
976547177
1902850991
527223847
1498307385
1937720283
1599121071
57663659
525818053
660934977
954264414
558763183
1365053874
1790386750
1712397250
1283089647
407710291
351493569
1806989967
918377985
1619310977
115460671
313352385
1161054446
1374868030
658457912
1339792370
293653192
857511377
1210339777
1053981252
1023422120
1975265902
966111290
1071741737
1671811147
285543476
816067789
1999859902
2133533545
645283602
1031554066
1555569857
319301158
1317893462
461715413
752902961
1946372258
1907479764
691211759
73190529
449248171
942515375
1236329296
1108324728
1683765394
1710804423
925949215
1172310696
1221358619
1896527807
26624504
917470600
1419939469
25734313
477668692
1292230961
883520234
1393462609
2102077191
883823793
1430271801
136462371
81848546
1763942671
1527164927
1631511737
783809656
351158493
111315148
241923589
243673854
1115686771
269226993
1705059608
1301748044
1065124301
676537167
2080396940
197224960
354077443
104815690
1352125588
1932566465
658124385
666147037
1810900894
934704102
905476134
994760674
145027992
622351206
1012028246
356799972
483229243
1516928574
1544998404
231407039
245844732
1786576159
627101323
1829372499
428606721
1263739963
246336105
2071307294
1721670387
1771771209
862645535
1369675791
1575465570
322183077
81302187
1038731640
876980182
1000325269
1833217952
1098516769
270026099
804464039
391536863
440949624
480836167
538653494
968260852
284342246
1733491764
119746827
496541967
624700222
234577525
1271815967
1520292765
496660303
1797244622
676779135
1940944514
99887513
558041940
1067985480
2021319413
941564700
812229334
504534226
1637198073
2031151947
692875751
1532701929
2015366260
1965652000
1367809673
777538358
1673853421
329676105
586134648
51705789
1977109735
642192512
1763181584
837062528
1893458388
1234391288
1331021275
939516480
1996066232
1362540531
372583611
324479587
1198962012
26077297
1233793201
1868062961
746053162
352787458
51346503
362778552
322319020
208218813
1699120800
1140777872
2125370524
161061961
230360090
858153145
1332836007
607221784
361002909
1385118560
204756931
1194960564
226709123
1028453953
968448553
719509041
2114162980
673614182
1261375473
1763308482
1036374524
1576792845
1710372682
932801640
730834299
673232039
373080146
111707845
435129450
991550973
426317464
473778191
997513973
758540397
463882283
1288336928
1826276953
1038271571
2045330527
1825204393
2066637611
1854184067
1731267612
288390023
6946370
1715069938
1500990946
880153646
1039981122
1495701876
344229725
1863666754
954006470
472800671
1995859616
1813148484
1320242729
455844559
565757185
903264617
2046626545
537653060
1872573842
1882289543
10087897
215023973
1463992631
788174888
2061328250
191936039
1421806185
614989249
1931305109
2030678921
1276359302
38826493
663527423
1275132215
1695447762
640833074
540132649
2122094926
845167374
1140915445
1588894027
443677503
1209952179
1645931721
1182554413
1581394637
1394901451
24927218
1002772882
784651568
1585867373
652498792
747030593
231388764
1813656531
1868048103
887550897
1420449883
1085254169
1075290147
454501200
1165371095
91581844
726547225
513026672
153680052
1643059405
1920457089
1096253391
226906586
1247644697
1521308511
626148289
1958592272
2100435158
888928953
2115649276
1999949315
2025252420
1185704035
11256832
1666270055
1948420605
1309672438
1177025825
1070944565
443706898
1966201055
153473330
1299820306
558317252
197028499
270805200
269326032
1815624156
499079648
1972305480
480429837
1229314472
545443167
1395999270
1632357881
1090087347
1356521454
1650663443
1350295212
833470976
1156681780
1914993969
1125256874
941346534
160773060
596311282
187228041
856617118
857959294
787026041
654490874
1790879669
230689396
399098952
1636744632
61333707
1499164706
1925583752
726242826
1007485414
1613697979
1766843893
13680630
1374695900
1397725363
1011336736
1951951242
1581294781
1432234589
353223136
25091581
761079497
690353378
173340867
1511020138
1746340535
294534354
1171083551
1099717229
891477941
853960120
1804796150
822670816
1845141707
1005621935
1116739616
1972652223
1443169552
138706446
1517568792
837546794
1854949011
1736628798
1663676513
186122120
1987731650
717532589
284336787
661589191
1841715605
666319835
2068437254
451123906
192795502
906767762
869832985
1985379004
1220001915
1231997490
418890272
673744393
1108390318
589968426
1759376872
713415884
518970198
809089667
1181974503
2047282907
187926874
968585622
1868907781
1500033215
371023122
533619934
1998235137
2069888727
1807371970
1692980200
541515394
169562267
1795034292
1724386407
1032653499
1323777534
1493234161
23237476
2042011065
400390381
62221980
283013010
334410316
730889461
656759786
1553499839
284246159
729241345
229004737
2078744679
1573118486
529459008
487314412
76595043
1811836596
1952063269
441408761
1678877887
1568955366
104914312
638766256
853372329
1651796192
979708650
1593359839
1401183720
1972086943
1912345393
854706867
1810347827
1097868245
1597071303
220756395
185734652
554345108
806860986
445539648
663156009
1450308872
277632672
183270582
33106159
419085303
717297138
797450078
1837470340
398448517
487923468
1831629156
81796332
914798755
36228177
817751125
1983542512
391585558
946770028
396594482
1198591534
1556901408
697614001
405897769
1325541193
1394565581
1220556705
997792246
1570479936
1388941019
1322130316
1964476118
1791462876
1007728454
500352337
2087249699
1250734403
224304496
1122922305
479036817
2027348651
1202364394
1668547618
2005967619
726459432
1996818402
1046789711
1750844427
1442576805
908629033
1300977405
1419189245
1880547057
2037738207
1546364824
1657229230
185388273
947993532
6799179
193096142
144072692
2015034622
1313443487
974748383
790712612
366824683
535849787
523370193
1549866263
147923458
399756746
639746620
718901637
1490228162
1015073786
907125049
1645886484
185083414
114159776
228006366
1160975440
1767088475
72954872
943344724
617745078
1141776656
979236362
819831445
294553327
1222026009
883752233
1809185223
139583258
1641611696
938384022
1800783664
1235661378
1794236904
1031223105
1849381590
572930031
877576415
1811458735
1006223796
1431942872
1562995072
1734270455
1641433498
106394806
262716658
1900829926
967739554
1027969331
493180833
185833282
915577418
1944215041
556743911
466859052
1598891059
72934920
521818966
229374366
337458293
1579251127
170531748
166128148
923364253
1738086012
332508212
1571707464
586255428
1702367054
1401133885
1768677653
1551575629
1249811559
341713305
411902845
986174394
1789931536
1060790316
739876550
271494443
560508564
1152012783
1350546111
1519983605
94123862
2064435005
855093665
155781154
503691601
323894351
738357153
1756894867
1753402514
655257168
638129162
600666098
318982839
1995211296
1736977632
484164645
167401697
940791025
357295457
1588817296
1492311619
1346219659
228584327
1209136499
1760279165
1801391674
486599595
1704936415
1354223369
236723285
1755243587
1434686806
1819798990
732195435
1903277004
1459154942
190045906
1957678091
1511350979
1768714882
1517866765
1123824176
1882835916
493844102
355899992
1833800519
1883857910
327033028
1224376964
1514146271
19203350
1897961672
939328904
81064940
1921956943
96846404
2011276498
1864793272
1899740852
428470801
627216318
1522113383
2141570564
914995395
1351566116
1495085093
1287010196
688422119
893669388
2072349166
896112458
1295269595
1383308156
394149625
984606917
1582006346
1538754930
1312874946
423018650
1207953731
1084269806
2052963507
2140399546
532669686
995391271
1556897390
479433455
1773867018
1972199389
1103913145
291197061
546894493
989225166
1406891015
566423045
882319321
1465577026
235690399
316061724
784037168
1297217217
534451819
1342871195
10015540
816101
1842694240
425436824
1819298324
602076746
145893508
1469453489
434000823
1245888161
2120508321
1380915569
1348687214
1439831524
518558596
2029984202
1150305114
338474660
1807074034
1948650946
840163162
378812798
708100903
164028981
648180655
591327613
2083555350
2146493091
1996351373
333923270
2141270778
993821712
389874281
2991204
655978036
966348578
542054999
1588352925
816184037
1818928631
794200653
176981303
1544393889
83783558
209827554
1873041331
1640179122
350213924
237855913
1084398745
488289798
1086276131
430955044
1821038575
1420697270
1004060053
527034215
1287773379
1768238131
131352110
238193995
2006588648
1608874255
1445948487
612605515
1037042109
65596261
1383462399
1603883774
114933800
767450855
1074217340
1335651377
2104703394
1967585225
1676443217
967938227
737889279
582096079
1015910283
382948815
1223417445
293055417
546594590
765624273
1901708875
97878028
1799875500
33764014
2050392169
334996564
1413631334
2057977428
718584743
397697006
1025313045
132661888
1553234155
1191470959
2131251511
418182716
188225043
19263924
853145409
1539124472
1496438271
1484247944
720039684
1055249220
1600165829
1350724587
1634100778
1612692776
992710408
1324796677
496734687
2084290593
332918627
1793107702
1054350205
1489625565
221813002
617562974
2065788596
1576134183
780166750
116938551
1516711288
1086063797
1443358004
547746077
1969010187
346694202
1069814784
1854122971
655469937
183918586
416446274
432504977
1222457165
1246163710
534894907
1964855681
529631720
1920333041
1541542588
1904482166
506298449
1053763739
458116889
152058833
616164510
856378359
585784637
351619377
534416464
233845234
1451409367
2146548926
2062983381
829849027
977817266
14311955
1775980070
390691297
1658542883
1194279877
528089489
654517414
1244096923
872077972
1879523985
2035166334
1055896156
341624110
2036494297
968439243
1300085577
2074866330
997526128
1679975513
208043222
2108737863
1262506229
400015993
904897566
2092332210
549063940
1903738812
610640915
599466926
226858161
1861132622
919365583
91857235
1998856753
1779785196
1457494026
1241731717
42451865
1821114243
1718912421
348668448
