1747482677
2129002952
2065316372
1545999556
958544759
920556144
905461533
1699122126
1831013836
142935449
720000480
154532869
800164861
965498293
1490748290
1188713356
195526341
624121590
163618997
679694741
865598516
381034288
2022940916
658306575
811262587
1228589533
1863308120
1263794813
999880023
1637825082
1913820954
1611646434
373041176
201694606
1682808230
1344957912
1360412237
668438410
480605272
1598453441
415796494
760472268
428650453
1940595988
1603946214
1840852862
144716553
1980453337
2098682970
1927244315
794209208
2015876144
2057870106
1857348690
2120023747
232632842
2121684420
985086467
920321530
398551547
1030848079
1115197236
798280317
160170166
642811584
969613397
2014729540
2114175890
182927985
485419075
2063692270
1119176812
1773404969
1747209382
1563076101
748394099
2057486485
1691348460
1191640625
2007338333
1318711541
8083852
553074765
1035310707
201791944
660561512
777381158
225055942
18579734
733742411
1795732434
1437034111
1045850457
1816154002
1414166699
408381780
942072329
1921252840
1106178535
484414487
214292163
20431146
1227533269
1619908456
881436437
1549031273
1183458998
1372428171
964636904
2052536077
366952502
1970876756
1135138699
77826582
975272581
2033294399
679653720
948460414
204299031
694999964
1593026053
2119760059
395885300
1459949799
1195763593
781363552
873824956
1906123062
901631912
106626787
1572465723
256704459
1552731165
651435641
1050477477
232181705
399418211
301500190
304595566
122105604
781843489
2047210929
1239858632
108403697
1402057008
907487547
36569786
1552091324
879959114
2038851920
2048940506
2117979513
729162064
942592142
1480903847
144132978
26633271
1170242882
1986586245
147829662
178893713
1379658283
1119603541
222659123
1243500980
1667944790
947248560
765944147
435971721
1324423976
564285121
1308378337
1072727027
544635770
1364955580
2056794487
1113179865
596737758
2141277439
147406960
540327634
1000794625
1300103875
133141280
182773356
284978473
2065451903
837551907
317789721
1206635997
1028594649
326933971
358874039
496224419
982397001
1247455443
2101887162
1857424612
404707405
1591602632
1145612537
1707463916
280427331
581505832
427234321
44088334
837144806
1217841194
1380051834
1361286372
315582311
1491352029
240002852
1172775348
1417982247
646743893
1407496909
772583663
345469967
1091700479
1518640610
1581301715
950998157
1001213718
1083711503
236578096
1135924779
1294406446
920722533
702309959
439700429
966854894
949120295
2039412685
1970688391
1919100379
349561393
122899728
1998359065
444966991
1246985222
809318193
665909768
1998945672
365759860
613234319
814152282
1037547228
2057965030
845119556
923557101
90824714
1107428934
246323657
1074871412
382216365
1190175373
874040501
1655869967
1396667082
1684345320
122279074
65686150
1633712264
1104084872
1784564016
1593390371
732584703
1134956039
288122403
1200277033
1056312360
1198350194
1345713064
1983399668
528557557
1998803959
960573621
647015854
1234034810
379996460
391299470
144963243
653719880
1360643065
1444988003
853834082
552697307
1633947428
1865895446
564024073
27495209
1175648375
1393078555
1726783692
727069786
519501456
707268729
1385554857
737796759
1546559813
420667629
1614055403
1050124284
399574705
123083309
287713856
1312743335
58984160
1269168714
646698105
640054514
1119125523
231431470
2010057695
439389117
1131984304
1396165189
1598237484
2095879140
537000905
1807841849
2117607981
565129680
1737052487
463124181
1003181298
428303913
1215509171
975968011
127202478
1238974121
1218547616
2033137937
916180018
1448706572
1630497977
1415560357
56564225
455797027
1992318051
1517444978
1223012879
1309972232
398891022
668876171
1312506139
1347592812
1631921181
1099061268
792210342
947692044
759171183
2020713471
108929678
713772611
719538058
2068972276
316352332
1782933944
1879694948
283027530
560355783
997016375
416855757
677678130
21334482
369836702
1362499196
949464820
1002448457
21435118
61125812
1829375569
45335491
1267211137
34750610
184110854
1648891124
1680808538
1511768566
87440498
1552141986
1430639000
1002888972
1958305871
1673630018
1461639685
643149942
36312220
463180335
2083441867
2068540952
676434331
676748934
428414534
378723967
642357750
1723773344
1263586567
1368599492
2127622916
1206349829
422301828
1106744126
77803771
1574489645
1777487432
616207377
85559471
97992552
2103100129
2001746250
1874942590
1155112130
1639591079
105369652
585708120
433539175
1256196434
1835010946
1652784286
120208858
1826839205
589426453
53241638
1443867598
622199880
677539435
241537115
314708388
1075246260
1239369637
945964673
1109228162
1708174152
2091533620
191445271
569249804
574147960
501133343
352099925
1150475970
1962843429
231693555
734523093
1663190518
237060615
320363847
1524791630
1281043816
918812742
694550506
1231564923
302365312
1671779881
586377644
1088304410
194502439
1786772197
90026182
258915856
2006826050
409868439
118293734
2095063209
321614283
1380870989
1891896795
1415895806
1058903694
138432319
394152666
371106415
1875325310
2075510811
1078516843
1334614096
1484762802
2004183934
785236723
977069729
1324411391
122896510
780155870
1310467828
1101859122
294045284
777619304
750851443
739606506
1450538103
176161033
188297722
43530000
682370291
1789334651
675484000
324891125
313982233
1712666985
1873625299
1884334854
984515680
1738915766
752663905
697844270
348765385
2137970278
1147937171
1723037384
1110453840
1636882221
1065667380
1580451647
1153693566
1622835346
1294293807
402550853
583734556
666790080
169677206
1976853932
660615938
584094441
1312401343
1428864740
159807501
1262989655
471689865
2042835218
1757470510
1722564113
864908988
1234424009
1782894495
337130534
1071913358
168228199
1449707057
1946997657
1674671938
269465615
1441464770
328235497
1892989420
362620990
1597588682
2050832699
1174022735
1195241484
1008852500
76118054
2056172775
367510018
1499941513
849249307
482311426
1584499346
1186128423
1965400175
698630152
402980663
2071470609
456309767
505244380
1010550058
1537295809
2004653983
979034971
543558077
645333337
704956087
317630466
456918616
1983926038
1255052570
1511950252
1251576335
1421107685
954891020
1423594360
159007452
1856499472
395078159
477105353
1893671038
964698385
2076040274
787329383
1513147117
1913169287
1965109431
876111810
616089208
1534027846
432700799
2002447703
294289277
1568648585
17474453
378095916
1397692357
870276419
2110524531
787866741
1568305018
1613525394
1399659701
1676954457
371033029
595958357
511378744
220723150
242343176
1080575956
368065774
297904288
1778083509
1426026142
1682214210
489940625
911846089
1528919664
1850817314
1282374043
1412893417
1936778833
1735030445
1942138961
466891031
1937407931
1320672123
1895988068
1595380241
1818532595
208169859
164790080
191658822
737064570
310054573
1121017302
1287308917
1228753820
52117749
1950390901
1073212645
157096485
379730232
798202322
1759761467
95042867
1606906527
2101829670
521096955
729447207
974135973
60608374
2146429598
632251061
1807467974
392775662
1579435339
1967908635
1642368198
1682812007
851821877
787631471
1710036123
929164552
1347955602
862608656
1128362744
1055087112
624237876
236774719
982008182
1557536913
484006597
1693501894
1279324513
367948736
1574634147
1514596566
991384093
1872495561
1898698326
655707119
310957108
937067832
473963946
1433875960
393655037
429140562
1784832366
1653522542
780717801
1829703834
1803933639
2054019513
1115136621
1798095983
1810693169
1023907482
1594907527
340991186
1301769492
1560799425
195871728
1657262406
1782696191
2013195388
965296605
1882999760
74704259
464396169
517256380
67199836
285885341
1721881644
1429338837
1219491931
2145659075
950994978
1713302894
857133389
676840494
1293999870
521379601
1678353201
2144462613
900161598
1289216766
64826073
746087991
2113459242
1343562160
615163810
1661446767
218804586
1184672776
447807583
1269461231
1830457778
858248985
1280316500
1151014172
866942872
404867727
522246750
817454598
1181159301
1658817468
1375014960
1303734658
1653265866
1646882624
640900024
1486876390
432663498
901888853
439410848
1916384097
966612565
2001134773
670526448
434088436
218185494
604794920
1215789008
739170577
1893602082
166470317
211249515
1204993998
1349761200
1866582596
537234160
1587713222
704458216
316574038
1263035314
2145212557
2140537556
811937474
459354223
1239045581
1917862003
1456456838
663641518
637749506
1149267692
1115102981
1970800193
1162283470
95325408
746051322
930252494
1536942897
630035956
451767039
1448504233
1741177433
1632775140
1333281275
1445053933
393003173
1952864285
1894359236
1348586425
220506589
1554726454
11745907
809025363
1943090888
1030322858
1796393366
1251891046
143211840
1452177897
1224888028
2058299753
274040815
136769161
866472026
1380259873
406368168
234174617
532579191
1366353980
1356132452
618508310
348515194
227360030
2138051543
5235831
1886262958
1956995002
1539124142
1878197091
1567081520
669929878
508917096
1053603971
899538005
506908144
1388667342
134019185
1100498362
2107308799
522738192
1730037967
1590870249
1687334226
1243446398
713111413
238916772
834486101
1476995807
1962070722
762344658
1706827507
498787442
1856574739
485797379
1662866261
910984575
913134930
1930575778
1609129159
872916632
1548480166
2103193270
519827644
1374647665
1192325448
242416468
1795503080
14221657
1758514806
1169736357
34157707
627152212
296948096
715208592
948799182
858937815
847796223
1837120516
729875782
1467619360
2065357605
517768419
359126933
1677302063
1715469360
2029539982
1050018095
185383524
2083546617
1545136137
1667553850
1533145526
300905897
364251851
712242319
1093901197
463158410
398816549
1582042846
376572990
1115786491
342541644
1363335150
151191329
1676387454
1511199493
1114137601
497720655
702096620
1829500396
1790137941
2029778429
612118216
1083729504
1353638087
2037539440
760450736
788693774
649976723
1144188828
6098927
617604377
918050614
546080605
606676528
1739508963
559753844
650064721
129646669
1754075515
250027638
545157968
942487110
640572579
674069259
1655193992
1431135310
1898306940
2133972239
2003435066
1250829566
1408252880
653861097
405150987
1787591853
1420637692
1932274478
578883080
1901520855
507835256
1213970787
1772715065
1248222905
1799075333
134657247
1138203616
429047807
632763250
1942282703
364962383
461239445
1491304970
2136917075
1979261283
353648282
345645469
1380152774
2123341984
1744127347
999050025
1876380700
1799777770
1509986556
517624101
1738691940
2016133086
1643726296
1922333291
1888733548
1388372939
2103448809
1102995904
360690563
752341329
1767862235
1957987329
651048537
730340756
2031432923
1659127531
170388483
1873651740
1741038438
1531011718
1793131547
871299916
414878780
711472943
756867589
1945041532
1976094323
814430785
742268236
2024609718
2013877159
616711007
257091114
282127114
486071631
699737185
1374416934
877766030
1351161131
1569166809
1028400344
2134342134
1869378265
1124278849
255951048
784118987
1802086535
1021073858
224107637
1484119627
382986435
943405219
45777777
537124830
1736996719
2114144844
611883945
180930352
1780946896
156676854
1994161859
1103585519
583141829
370665970
1881917344
2044691747
169568276
643862162
1128658433
899452708
2026953184
1453351352
1010739781
392764221
2041817399
2080247289
371235664
919782364
823816392
4458605
1459013768
1765423218
559592114
1824420886
1548716537
829925357
1609288311
1452511722
1724203160
809572559
672779279
1240393598
282232997
1344268523
784728601
376432209
678686761
891047612
261872940
424639923
1912034207
1570330210
1920747084
1966907728
1157178031
617182266
80635512
1671851613
1964109589
2001430296
755242336
128661854
1245366177
1635828772
1611743540
1791913617
1335165271
11216462
335069592
462147323
304754870
963812207
1560684468
2088580108
243479830
264734974
1945320807
816882673
130111530
381411947
590415259
564076663
2069013414
647179035
1274490803
1368472215
1099607802
1904631297
1304039458
684004514
2004567867
2083550422
1129730069
351935754
1434219299
384428276
969057872
2093050826
101283119
1562716116
663423767
246828147
437292519
885232930
2145253698
1597054676
1823301690
1090147450
1856728692
1707038790
1017248263
207074498
509508709
2035158929
736142008
527284004
1312120154
723590526
758690313
859032486
2135498166
1141341179
131780839
1324973415
1293225131
1700670948
1544365683
1667590264
769607177
184392052
2049839909
1243050836
1390855991
281141063
623655949
163243518
1020305727
1151162379
637847605
541366454
362084866
363659971
180671011
40047703
256224909
607735223
1327050619
325721680
1771276420
1334635706
1953029181
307512601
1861534180
472347060
1137007003
494296580
108554490
1222854537
593688342
1015540758
1712809529
696961159
13987040
1084145459
1464793988
