1647099480
982958542
2111352611
1928610943
786152829
1358132636
1507584944
732452302
1178850400
276312526
468628965
1773978176
596172787
519115795
552792746
1856391788
1789629300
98609661
1856587300
1334340889
474841051
348096650
170038651
418771677
168878189
841585231
1338548919
922769750
620191342
572601920
1453409475
2063628292
1021582835
1435210014
132504980
512645314
1293452757
1175255933
1618552631
492240745
475644970
1800521590
173858185
81580345
1343819708
1982733695
61836015
1075032817
86146782
1924541839
644570212
718711416
1330191951
540025843
1745008452
1244961635
1936644984
1617748333
1832184623
1311313965
1970556453
1647233025
1778966534
1300634899
1771449169
817121884
1583178259
1596151439
1666568985
324782050
194432581
1181447534
53447635
769974099
23855256
1126294160
79174712
497811993
181438099
642974780
1768199868
1023390256
1855469547
74827549
73025535
670790834
2043705157
1014136029
1716640347
617292542
504200473
1412090461
1291313309
75097220
271462066
1994391438
1885739473
874167088
1652499281
1141953263
1853087799
1422732401
1875745138
1136466595
1406227794
1115631845
1443184166
655211822
1028128030
905327779
2055194783
1003008972
1899272801
1362858532
106662858
1633458286
1165573658
447058382
505298967
894228818
1575197718
284989471
1471899476
570379325
829609634
1129106546
686410935
1744665432
187241307
1131356785
1672069882
38249893
273173281
2144948248
1209393825
1744637212
1998513962
1450367586
187837015
1610402918
1979702579
396755602
1183417206
1876692533
1254825168
826670623
170380454
1916936254
1134968805
1490060093
2046733468
923302868
777162797
2057786372
321228548
419724834
2081199095
1757352511
147410298
1807886853
87192561
562775508
1512449713
978513284
1697754141
2084839371
1387185590
1430848749
831625696
681649148
1974287183
682079629
1433901369
510427993
1263987581
614087179
1859814159
528847061
614109473
147249761
1860599459
564484848
2097125819
263276920
1223637028
1394545633
1356872525
2104951391
836611681
1065783903
909887070
2095185705
778561945
289527051
359978522
49922912
1001655662
1211044477
363274391
1098929193
426596344
1649901545
536529202
1539856374
887668726
314546286
982988568
1219180513
1272972320
1449676539
2092274145
1002028204
1705319832
622933214
1509107286
1554989394
547170174
1904361195
897979731
2119644489
510717346
1105490757
1383780040
1192642647
2094167125
1713072588
717683417
683948558
505015128
933636387
468095781
152626918
2037489142
581732956
788663844
1061080309
1559204398
1845947715
275291818
264692301
1844750600
1113630532
882354568
299710194
680800776
1088567033
406369105
2094759030
449053632
794224212
1183918138
332279091
1120160640
1125262693
720601115
1725082917
1253008937
932415433
334979218
335568481
1083520032
2125262512
1790345031
1349796662
1611299422
2086472073
119940681
1169582047
919339683
961083212
1359043735
162131425
1662930122
2120381027
951440572
1932276487
1393410872
661950774
2105926545
823471608
1287685230
396870994
129229094
1947384434
1489630143
1395548981
858748348
662318885
1895916315
1993710776
1057191145
356988718
333465609
1170962457
1875577054
1941211438
453086643
640216484
1910443973
113948167
841135643
1180169726
1322822980
1468721459
471899244
1390408462
529805855
547296448
401918571
840924553
271555578
727098092
1171616524
1755398424
951193403
1590585177
728319009
497692967
658361614
1321453
2124505389
653918284
1308903298
1484899656
1012857175
152790098
667686353
85029603
1605307002
498094306
64137917
766279362
524157785
58651341
961531669
1074740437
164501232
2001131000
1509884503
1919990257
1125528293
489832421
1911751535
1279935077
631024414
665741530
1941562270
2130868284
50318444
37084592
379331958
243356431
1271900260
2009265209
1202162177
1047397252
767528015
30727247
1029590530
430789735
1605023031
2094036854
57522515
507954019
1036972834
699318573
869991021
1639983964
920194395
1442656726
1942202374
484670060
2131352043
1859200575
1396605653
1331662201
1056447015
135656908
1815933297
594340720
1717718627
674103619
396337239
1362147872
709153476
47817780
2015924234
1554245301
723236659
1515950851
1621891925
619322319
167568494
1098960787
268230572
283361086
1076772920
86703761
822936449
1992724643
404777283
1002736229
9032444
777693729
1043577001
2045530395
1715940914
118196495
1443836438
1006634631
1685356120
1523867845
667797467
1383529402
483461190
575921727
1345055705
1118942542
390139546
1917729941
1002955636
1273042294
1966584827
1373759251
556148903
1655823520
940408699
1856365300
1209633329
799492804
1454867734
2112019136
842521838
867322700
189879383
638272831
813641792
566179232
2058088218
2133115417
593270700
692767821
2041981548
865887755
1124383617
372229329
439810958
111235272
1738506930
1869136389
1343771417
1966900842
1447774149
1310149415
713639995
1502783123
647047908
1449060740
1789425183
866892581
581645073
1612258830
946508545
580359297
66437313
1986089057
1087063024
1199523773
853385418
1038605891
192374377
316888559
1096351367
1162539595
1992198898
1743055139
248257462
1384583211
1436275019
1217309890
94196477
2122860950
1439411223
808756613
411478367
1252628428
1219427477
2045726485
1469170890
1511785411
889514118
188528961
342587853
1994385139
1266215987
1854144219
1713193574
1846881982
1662569095
576917552
1166938105
1452027003
354295127
1056205601
1402014301
1699683358
1529964483
154794722
769650193
1056254853
747154612
1345583439
1799871372
1418882145
320973701
712920038
1001032114
1956952767
1794639038
607942245
593685858
437535282
731490555
591650049
1916504108
1172237215
2097157099
343257152
1435873312
1441832357
1228600692
750091379
381960898
1637800359
492899060
394196692
655447321
1625087863
2139490979
2087535160
697144038
1193681312
1765843732
1437566320
683745010
820999248
2092544218
520768834
1992353409
1053556960
896396359
88265727
1311275490
1526310914
266170704
1078520001
1361550376
1431903366
947430284
1355141187
1918098419
1368432841
810553435
394402141
341944167
1339879610
763695395
1744437018
1064135999
696418954
1616056246
1192727160
1530166522
2122967024
1206218448
1292076475
1856403507
102021654
439105724
1760629614
1773356814
969218595
1738659349
1968642807
2068226510
1577611366
1905667754
1104162006
572612996
758559772
2067248763
1870454906
215083491
698229515
1846731457
1292261366
454093752
455253133
292643282
973110014
1132987580
1709564239
1619295673
357105588
1938093615
1101980543
1596002119
1187042566
694362686
2120758225
1213640496
2032897256
1095508004
501469362
753097191
1773794689
1787412511
540389971
255432033
408638803
1082798327
702309366
1297500201
1224659811
2131407047
1292699570
838580084
101979505
1105357636
54643052
578989142
1962525799
2018993234
1840835325
1553489318
1481846169
1072052659
1621108994
1249760766
713325982
352259546
1947558463
410023903
1833012933
617418206
1871317936
1836802545
597746998
1237525642
1797626670
1324062055
1667502759
746556561
1746645691
2082267265
1908431799
1153504222
1499099693
64108901
629553617
729233759
39441186
1131630009
215773085
1533602624
97812641
768829201
405563060
1030624875
27049618
1523341775
1149160513
2028174022
204405464
1311671757
684150648
2038671592
2086399579
1981277085
1807127223
140510764
563053744
1375691755
94098487
1845805032
666260582
900965119
1408641134
414416824
1943409135
154800735
674807813
189518579
1661601577
1290525330
1438864241
1052071744
1532705160
310367999
1674014256
126803521
897353954
335883763
1483010978
900127340
1114484951
1195910849
1985206146
762611451
755807963
785580035
999728127
1787714810
2085351138
198617087
764479355
470910845
398155942
1239636261
387400671
574040308
1610020760
2090286261
1530853785
1376740247
871860065
1214862718
159868979
1319581435
1239109395
748229825
1425464977
1960666311
236668145
2033130292
699184327
301706880
703403223
117557282
247646613
535617151
1298553672
150493360
449781120
1505570309
2054440722
1735489850
126207373
655997541
864250784
1826507483
1183125405
1859967839
1717972444
594607884
970543712
444615821
105174462
1733184355
1407419127
1269513206
80277110
153294717
329599530
18968513
65421106
1953087121
1339931045
1917628921
1442132288
552461648
670806699
154266698
621378672
1107054401
916221643
1164708116
379601567
655866555
2108192611
638026478
1091734120
1351438638
364880164
1540827697
948444881
436113829
475136004
1234862591
1184269903
1981084804
763612135
1128103745
298015148
2125870535
359890216
1463638581
367802393
967720456
924660994
2044582105
368564369
31862782
167009256
1438516632
1039557839
152320453
582435431
798271951
1734217651
411922243
626338007
2072687623
2054259842
1444391083
2081081533
583044927
1880211668
1673758496
357174083
2024412245
512622348
2082445068
1343830428
1861514554
727505062
2072470038
1266095745
1083850065
840902673
246392519
1979985184
1240432473
2013756930
1976976484
1669638352
1448227428
520278355
1893662598
107612208
2125254631
301070507
198380422
2045159387
1910735089
2010698956
841779187
2074934985
1248963705
90805625
2059736128
780142149
1237899472
873407234
1766767483
827844486
1021243957
276846189
1513134648
833988845
1961437319
1100368451
513065100
1819423962
2090972693
1295691252
1183511093
310424619
1355415954
963093992
1182533335
1549915731
1056943396
1493262883
2112080993
386220306
932332699
275395987
461598094
1362100694
921722047
1052022777
85753480
886209198
1151210946
1659051122
509931943
1235608807
1167332052
1465714337
1181111894
1569792837
495261909
826198139
1610540054
1968586208
1056548390
2014859951
400618396
1216709016
815003032
295682480
2018879510
1414061366
591658630
444436832
995207820
686405152
416949247
2051023194
842463585
1067257529
1029727515
928445404
772599288
1556445267
1527578735
1565700432
2066201203
1545071313
765369499
1244502645
172671382
260586462
1973495808
1471197999
325405386
1093898180
2140914063
1724157927
1228878910
256556522
1234902205
809586592
1239639336
2095334125
135328402
1883237528
1735385641
725416537
817377761
1453829526
1146062287
233339396
1748418706
1549083095
1121943348
1566935303
682672155
1952756111
1799542979
1947782234
965633805
2072079646
80242971
1098343179
1383375306
2084136144
250327051
265079835
234998869
31683409
113197501
1847791605
526579522
1882653868
949453296
923387787
493570508
49611774
1698074974
770194191
1704866565
1468643771
1638297404
684749387
716586024
1023542428
1467773152
1343008926
935161354
296417060
1888571772
1551791764
1609128879
1876526030
1869298696
1509802784
1128006649
1565032917
1758155070
349761145
428596348
215348383
287722431
1157699726
606631789
97329095
711459923
469026086
1458984632
1425641925
1163638862
733601688
196320816
991424317
1921979406
517079076
1178629857
1954277601
2124686240
1453812973
1247876481
462382595
98986882
1159655572
664565253
1506119098
79268739
1986150514
1169817169
1901918384
171699655
1530416241
219240967
1752626567
1985881063
234648200
478347649
272525798
349680693
840642513
1218772441
1068988964
887896348
394955080
997582025
313957540
1156102669
1413916525
135277091
1337855065
819157134
874383894
1390552074
970391957
644885303
1838986895
1159106985
1830811830
1431182903
1147604349
1284699823
414764791
2070916386
439808489
1950912535
583511010
1053786388
1975364020
2122744866
1134745426
1370853103
350817208
1607589735
1237165604
1408276415
1376728445
1799295232
997148538
1025772863
1178444437
269596646
168615083
135822453
1134305173
648196951
129820106
209502328
656519856
1029277811
2105584850
233332562
2019636209
352669415
298908011
542348032
311750421
1328707264
209057627
1505730710
1458325762
1952307553
1452726668
1586642815
2064909032
943368080
1962697653
206631650
1872844019
1053288106
113910952
1091917601
2047982250
1793122700
343101280
1196031579
1049458301
1087734995
43997680
69335504
582767847
840246201
619899731
1683542164
439400993
1168312613
36193199
1960836664
235155343
770138743
802186107
399416638
409230009
163174906
2139902433
167379384
779521272
322046888
2060628683
1816586795
2114934917
1527254121
1840725489
940351237
1682737345
1552792998
883332756
538782826
94440156
816825735
1134640579
1064886177
665259597
302005257
39284027
1828893234
196137184
1747542227
1897578815
421917395
2016788652
1673155433
2015226796
1238929103
1817391728
2082151463
1669197570
1322004810
128187569
1672155722
1484767251
10671267
815295093
1857966377
1289623622
3655666
1901617050
1535643265
1588978312
1675381424
599599315
46842861
1708936401
1140260982
101585216
277101940
886057038
1357356766
1669494698
2145042237
145285680
897865606
649968984
259101789
1325399825
1377607731
1965361296
102660305
1802937086
1673861905
1974760621
1222537351
1881342434
182171683
1479479666
404974228
1619595839
1453126142
862569596
