1589289124
781767428
1974583996
1390840692
1174467979
907219525
479254004
257687038
938148843
924496874
123057240
479000948
442205462
215212043
1103056165
1249355000
1703193063
1311420551
1095500209
911871788
577733839
1140347716
1621657481
1946406732
1913375357
445173395
711758377
606037336
15905577
506816945
1955995223
1885088617
665478782
1925569385
1042798876
1927072293
1717828642
587890903
400342112
324747854
1552202467
2076442185
1068145441
422755700
141287551
1049676862
1986983759
521172939
628153360
1432310416
1799166792
915420439
296387858
216748973
1845104875
1822282436
424573202
523733505
987934811
1111271698
2063624693
568359280
1004642386
560893293
2044446435
95655679
786350623
1585407962
1946077646
1162217618
1863263037
135753102
1971622818
293101264
442773138
1799697049
684499211
688442146
1026193217
1565648063
1212711390
564884443
1481905964
516235623
1349344549
230205554
1483750153
513996973
1215654858
1266341866
59840032
1506135954
2130064350
513952594
1962612638
694088531
1720905351
1333970536
1510726553
541315031
1004479108
111104089
1375007137
1037753153
1450974559
1875543716
1364079359
375023782
1430033710
1525021724
1422197389
1136440280
2051300613
791758348
384397361
477075553
1431221755
2034334069
300931575
2038138252
1042573015
1698953842
1053639883
616850040
1618175064
1530634173
16664272
171978272
1598845982
395660362
1026293087
531259230
371708984
669073681
1166558363
260437728
558624923
105788068
1915567799
622100868
1685973295
1841630093
1830642766
78939158
137797793
735859616
763425849
2101910731
969022695
1136115722
1869465392
1479183094
998189088
966184
106015744
1355321272
936994904
322965644
506727788
1234364371
259058170
1782250013
1159060382
2114834589
1179625171
1825880411
2028753736
1567730192
2102145983
1502295487
1940053084
889841662
2134990578
1990320448
651811428
1855759458
1614096613
1024716786
1750853758
1756349649
327557594
1931945929
1814076152
1771947279
1952241166
1318890108
1087078532
708532413
160404091
363936645
1636285720
175126064
1182886983
1618256964
1468807269
1018723422
703206604
1637349443
874117617
841565682
142779461
818715541
2030431443
510270335
2095850769
625610071
1131996427
725489360
979847591
992909400
639918203
2027071837
1103189783
1515138005
458759558
2016876507
1171320377
449625693
332153156
1597955307
1067318644
1334426835
2117429087
297944306
209372460
1317021586
1232311693
2127803656
1049131209
52502443
84061354
1177890569
16819809
292603465
1222807920
1648411850
1438985985
1973252150
957802198
1034931302
734738845
25120630
79811587
777504694
311569041
131978513
56291310
2066813150
2090748371
1990864111
456854676
1139441156
1115644344
565335515
1430731732
202264092
2078687327
1019639722
1301350378
2121257183
1766892990
1862416757
233273734
1952340954
1434568775
1392900609
87303560
1443970723
452344374
1971842112
1320754267
1208584230
1365547386
1793276400
1652045035
2128711453
382276669
491482722
970575172
1162825630
487615506
439126869
1353759433
907923406
433570234
35932673
1822082061
783474099
1266750355
302459439
1863884369
1232705576
1789982878
78385541
1999505563
257905897
667468331
786652384
1166687855
60265934
565759523
355100122
331521068
104128277
1631155186
1534762603
934080262
200237272
632657423
455312555
1963231900
684688797
915964457
185651381
2027740726
1870764044
1021405680
676486824
764797852
150524347
410607229
2102490823
1722966421
1926972709
1869437022
1442264512
1874172923
1679111354
1098675778
272758538
665693047
2097776912
1224948797
1065599847
904484575
87963703
2110733753
451011977
925624361
1581158442
1265843194
97380049
1260328714
1742370400
1240097612
624055858
661308207
1812516482
492433611
571595572
576444439
832854584
321596111
1350383381
1442796683
1746764829
741094898
271382026
2074873787
674277329
998568127
1691726499
382039543
1708624172
431333368
2073685324
1974146822
1462094991
203937156
1055562223
1961656359
1705730647
1639357427
584558007
1620474785
829749099
26841264
1130616560
290132079
2033714304
443121637
1210230252
881516034
791019794
1463146459
1042537957
1955285336
690869665
1310678020
1446915187
913379772
1451707629
1770208154
1309547085
1943314659
1527404955
1060345498
278610412
1130931650
976675069
2023327017
1630974899
855196426
286597386
1777331105
1061173801
647326530
931742573
160646461
602693729
1844683903
529256377
1404776285
1067531387
784141761
2028064441
456466293
949887043
201138157
361402597
964971928
948072950
505562211
1799760369
247561629
1275727653
459471675
813093760
609612011
874101683
396159777
525371639
1339517671
1729904376
410965194
2095926892
830460406
98103560
212075538
1200731324
1385797425
829856270
1775728820
1196707003
1013100197
1164551633
295608485
1469307783
1241154115
1572523353
1460608525
1095975414
1821108587
1887664299
1936765667
466561325
1990905615
584006319
1877216292
1217439314
1936576647
1902504243
1926809263
2080450393
566673138
1937240840
1546168256
104274683
27364675
1474213450
668181255
1987569093
1023399151
398244030
1698162788
769840717
742374193
115721299
1088082754
1140976255
1017094392
1639254475
889927053
1975015445
528263023
1895271283
393418833
2035542565
241218342
1903374862
1186376688
2022008276
341129186
964103632
1830797824
1674922024
314226430
1508337030
1471204031
233656060
196704891
830494163
292548659
1290034956
887010988
2058609300
1357547746
1136752944
1380047991
716471397
863681579
1069781158
675317320
151723069
442290752
113718408
1142688152
44578612
918505921
1669340764
1898600213
198241382
458255605
810276810
830239599
364769007
217956519
1933822312
813134527
2102906389
1296385691
419964081
545357971
2018794885
1413361068
1554135829
825433754
1462968246
1056844163
15987754
2048222185
1767027818
1239043062
210973952
1903732455
45575507
819321338
248195730
1945869276
1765493458
150943302
2028636503
1318162960
48349914
321035143
1629811704
1121393059
1024316404
79429689
2101271325
518978537
712967771
588062249
639518817
1268125823
1684151623
995243908
793781860
1530599663
1401707079
702534554
1840822270
743468283
776230087
1109216565
1612648592
39838090
1391036337
2121510032
1848541047
155579436
544986928
2131093238
335937690
587195724
1301704848
1476345337
949806115
323554033
1359316546
773199947
1430585162
1736328752
584354299
1160597052
1736824909
964896050
564831995
795050960
1636917116
676518878
1353014891
838847100
533325680
1763695907
29181919
186934397
1415196252
1661435619
239015932
1386488790
1339779707
571191935
1914908467
526679780
345140137
47938555
1378882219
150869151
1879835662
9662926
66605373
74381935
1707662772
659092368
870814491
1870609471
2086202565
1611838341
1212887041
134044930
1653036597
460546584
2141398546
841978081
851593250
340745995
312685737
1570922655
234197547
952899992
1013341719
279476362
1154553886
210962815
2112482536
1062023573
875728399
2103897774
1434733373
952652308
1443734411
1524965772
445558360
1990909971
863399911
970939875
1923528759
2120253266
295506353
97981032
199053655
966685921
877040456
1047125735
2012880025
1016138324
1270761096
59738895
1020200770
1252633252
1400629661
889479128
445486877
1887154850
1961756409
599747981
457685179
935038744
740106848
1854072953
140505051
164848254
1632855328
755852850
935914468
1463422038
750623583
47539581
968008335
426576933
976581772
388311772
2143498913
1757108750
154278135
1938004923
995881174
93777676
106645117
1664574003
80683226
411326155
42747484
33309560
535886960
1067140388
290926117
559362790
1664535221
310430004
745405903
569658275
1203825023
494098455
417221863
834829040
1582877408
1393199430
1206212837
1521698065
1438255302
1984953995
174941851
1170321111
831377604
2037682588
1092782279
147453383
1903299051
1883013468
1117519303
208429289
1616492242
166656169
1450735212
1146098734
1688876470
281077987
715044838
1413443710
13705402
1241043451
1815685855
912665182
885567567
436777523
1067059621
991027515
255631790
875886455
304021375
1666752853
249545602
162720856
42347296
1251301963
1377987236
1712765601
1142134329
1566635071
922497278
772849048
109401129
405753253
838828177
1669037523
2034604496
1990331309
697535633
976703667
1319977089
731367243
672758445
434517378
564020758
1604108511
1074503277
149563941
1801780253
273343622
200394933
783405438
1120385071
704219389
1869860198
1880597492
604688199
1996437202
1894106830
929053854
1353491854
1153348832
1437463684
139848918
1023408558
1626524828
968777065
7814166
126253357
915770450
695547697
1495443924
1453455734
1242139840
1432089339
960236953
1414381289
2104451011
1554782124
441032385
1004790540
1503330209
604250232
255294926
1404939230
23374066
1649705343
2026125672
559466060
354232619
187503763
1460037877
974681533
472140744
2023051288
1881347793
1540942536
597733398
2076075175
223892096
78291684
76651276
827473046
743946041
975429137
1123532015
1252228808
726360596
1598870904
21467152
2125247555
1045443083
1136574914
246157143
589782107
1946667330
739301902
2122310138
232198480
1725477376
1306046055
47073808
116856085
1625397578
920155989
1830826420
1762961451
710367518
1639025807
489988306
1101311148
1535585353
1952601294
1940817297
1959343972
1605502437
2025463996
624318813
774099226
1242277491
971145995
1068289168
1247496684
1509402768
1933891491
1467237052
1699225816
281567063
361483251
287934871
2108203351
90636372
2037111401
151049348
284031267
1191850784
1515899644
318940858
2051385370
1863827614
210594534
1293522188
1299356605
1635187619
1077426532
1629934453
1350821283
898367086
1962473810
1397037935
570903122
1224395878
508368176
643636716
1032730490
758465366
247479753
1560964795
1343672523
849658399
580690319
1720948075
9789328
718421176
593889808
400687832
1062853238
1366382022
546053768
298816851
1015474027
1628780500
1225588111
227538290
1350818210
1539803183
1591902195
1641461105
1328106930
1956998497
120034976
742374723
1065362910
732709704
503862716
151924025
2019870832
664745682
585522895
405700942
1650238014
487105367
1757707296
338386700
1854541646
141405074
203906843
1527846943
1242229654
846735421
1732678637
145918837
1850748380
516073033
784849970
2114105102
1715539644
1119080119
896549574
752921701
325213640
1158820374
660167352
124328315
1306707657
1045369241
174996317
2084403324
678881572
1687576532
1499130752
920373264
830227288
2132529939
1355943351
380800577
604509348
629179223
674742225
767191044
1165457093
136981998
595443563
1990510438
820515293
1419565230
460064162
2076191316
500493424
653864653
2094148578
1831646215
1879636359
1129156960
22088669
1132507914
89204471
67990894
1118907544
1244347881
317836732
1046628785
858893983
1532735608
1308591742
1656929768
990153049
815231933
75072566
1676731867
1885866870
1947474555
1904457450
365777389
1503309956
1711438940
260118676
536139607
1566932385
1725438394
322086433
125854215
1095382859
1861136905
1367713429
1796852244
245752403
1495701221
377750091
579749596
1064116721
3597748
1224969306
246856124
649012464
1704948216
6111252
1771547243
2045047818
945998388
1975751848
748580595
1901990734
1835753847
1105144039
561944909
2096662717
845514633
1263216931
420111513
232880629
512260529
1467937075
470973431
1333572357
1440970273
600345748
948245765
602179679
401103872
1465112234
1850341365
819504619
1337721362
1945378084
190361417
1334410552
1693257221
497174141
786413870
630662349
1479849562
914333342
1537684595
1660263070
1316059373
1053658016
1070015268
2085976986
1522692131
1607240880
586218695
1397711457
942313648
1106838796
512617010
2114010899
906869250
683832617
795780359
573577796
1842225998
1740760055
1163891918
158717195
560942901
566123068
1497588653
1403623482
1678528530
1687843357
1207952582
1806353576
1338099427
1152654524
858572333
69293737
101230289
2121261050
229714052
1522781855
637888349
666562141
301258294
2019676330
815787817
1768135437
1385919564
326356346
1324556641
2136853497
160147183
224601670
2036832196
260123671
2028585851
893607381
456897363
1378418632
374164027
1013713082
1341377940
595172697
594674119
460082845
2026894467
353217446
345583095
2068573875
1821457174
1988978905
425524355
354081103
1513048172
1649695568
1753211193
395284626
1480552337
99479197
199441369
151364159
693713392
1486670675
1000436528
1571793924
1220176375
553373755
765480152
967901188
764761167
1503677905
869639172
140702201
192428929
1298881194
512681861
333597869
1276856
17742681
1045130271
1903895907
946226769
691441710
275756068
709538925
1758659578
102817054
590829230
343205083
1008693127
485649859
831250552
278785357
1025463121
625915770
892512345
550200298
193819467
1496349610
1487483231
1599430505
1023724963
937102372
1101485188
1833391949
1875180560
1326986150
1933052943
10065197
