839578964
2089577853
927741402
1234742197
1266766941
1040710830
280321254
1327391019
1828492530
1142451120
1111427513
1871033257
1686758253
1039637571
470334062
1954244731
422298551
1089149838
457854679
54768508
883034595
1830980380
30365429
298650022
684555000
711548791
551261827
2127123000
1397585868
2116529759
440594349
2110832770
1245328395
1978623655
665847518
154943568
1900288855
302967725
1396183479
1746534129
925443721
804761204
579822363
100481763
175833878
341245536
1721329255
487793692
1983712910
573107085
1556601791
863581943
1359956029
1114682571
971523971
1609440186
613120756
1430248250
1136371425
238859456
2018246882
1206687103
925080453
970040647
149398427
124386464
351363179
1600535256
1428437563
1547693186
982907348
1513112399
1121568676
1296445948
590885462
1144322438
999946978
648429719
1076631310
1423299234
1531712432
1163938276
1183892722
386962937
380325140
1480863866
1309964609
785959327
1427509285
194801803
1873540891
1896291724
1920880877
1817229346
831091757
1144790891
397383529
1940359420
1089494660
2103320833
245716653
1370086912
2110156163
481221432
779375652
2132897371
2081918960
259258312
276037877
1759103036
1548314920
1182157697
1526777730
97918249
76820339
1439574839
327053066
1026636285
547478898
1127212362
1632753518
469419135
739362997
600967632
544960273
792492191
959303529
2058865506
1081074904
1812184911
2004840238
507798144
14858321
1786222843
21378823
86048162
982411759
2001237415
137766507
491612124
2009083251
2009543844
679193464
1833709612
598286439
38413807
1441534535
1365097315
508896965
165316375
1436833626
1380600494
1707585460
1460835880
1799712562
653369537
2101396594
1077670727
1671181566
106401695
103867213
29338924
1609847405
131029255
2030586059
292876360
280531620
1994156926
922118377
955315187
1484272203
1862116854
1257798272
1414160163
957341378
1233185816
610408132
1164705482
1689138802
1330607411
91819751
2075543499
920042558
788520896
904772059
1911340699
730026007
184660881
218831924
149159537
1261657775
1963367574
1720609835
1438038569
1798904389
763906124
2102105023
2048110779
2097688223
1561227203
675050229
706490194
1926136342
1061632074
594723905
350903052
710325707
784118969
2059445501
1288707149
1513961207
1704259930
233432086
1448289728
469488480
1626772596
1978685638
376975595
1683809000
268615030
716153723
297216622
1118189632
225799357
60873431
1184081880
509422265
914906626
207931089
1559273766
1594370875
793304931
1706781688
1936459737
2112321102
584044300
804899032
1308521907
912627030
1834191234
1761265525
778358029
1880719580
1769878156
51807476
1260209368
398415367
1718575806
1291530585
1654585902
11120937
385278883
1970596203
1032503700
1560076149
495371398
1986399412
1569034703
2040936911
632664541
226996645
1524138591
1049959100
1083119955
1881274838
1853355933
425722232
452805745
1256597610
1884501612
1062704167
368194536
345013393
476527007
1026708259
557229437
387314215
665010919
689368948
386797166
2110929954
2141333696
845182308
1484699957
754427783
450023781
1951650310
667834373
1054116455
133931578
539167553
2078436263
1221771620
988158877
1130147762
678037101
1139787351
1744018321
1925905216
10656724
164878261
1588801145
758960708
1722933459
231797774
2084663667
1789787622
496051907
1837026222
371064911
141400963
1990408938
1066986086
1663011115
1621021002
139752613
496401253
2070364076
64944614
691354674
1363618111
1933969883
2015205717
91878424
28752912
999383193
988122328
1750060851
567359418
1368096193
1285294083
94682463
299588681
417468889
749801716
1148795073
787450488
218127219
763776416
943021485
1735208525
1470437926
353113161
627529527
281604575
1861908260
1642189068
1248315993
1150163512
83205496
994439830
658606526
331714645
103111647
1433579511
210009129
662517834
1525860928
659036558
989872005
1794267266
1632406728
2121860900
1835119241
34337572
761589414
1274516758
553070343
2038305682
1882500704
1010238121
655482578
1396519435
1165489616
421782402
1228354890
435744624
377001919
1670428205
373045471
726108964
1657818397
241439195
236248348
371168524
637488090
674676009
138179471
273907126
1004482915
1399005211
432049750
840615574
876599996
233612071
1388752261
1282323562
1325098038
154971502
410871066
1111262655
254290638
245109765
1114402535
1666011022
560154914
2074799218
497266967
979616254
2082187792
654693427
1543496542
1217541965
686648045
266788727
1513888961
38768329
1696524127
83984624
259142655
1836545528
281831640
1245437120
1889565851
441115095
635769775
526194832
1365904007
1590663744
1365986269
40852160
1362052718
1069144420
1276406608
277695160
460274846
1920541048
789005295
1648231517
549367953
1227983469
1404471083
578785440
287874839
1836902871
575393086
273618224
840726817
1575180015
845780484
318704976
2076770604
439397556
1909865842
1964965314
411522375
2084883500
1636269495
893203939
1936216003
2010546376
1529198829
1451380688
1236207735
2013071589
152560764
909066694
1755701421
55731311
354193420
427946632
711467949
792767392
1929519652
1855021817
1334896099
313446374
903349348
1366400713
971009199
870664419
127146331
1451279948
1869875401
1531531150
423851526
1581360115
1539370319
76900726
1108539622
1539136419
1371614573
2090870311
1298921661
992801123
38447784
917377189
1303045348
214197810
1962565063
1339684629
1161384268
1107587126
773522526
426691195
1353877519
1075107009
1192549624
1178630302
567368370
242784775
1642380256
1732592136
1440189690
403595753
2104713868
1325870634
1183503207
1474453488
1158325159
169697180
1080622929
16546901
657751482
248982145
586453662
120346172
1084814966
1270804233
1251251486
134084354
1362239648
699980304
706094467
27076779
1731876505
56741348
839639040
781877630
1102009225
1427640956
901786341
1951976358
2005707414
889895186
280902389
198030020
2108232148
718532811
1514051776
2051690506
942766804
1360667189
411011510
1971702269
1981320191
1705771568
837753600
252037647
1494417997
458576109
976503127
479651958
55854513
1043941144
1108597892
2120663833
1683986979
1009480466
1894266992
1692094884
131536712
1644816471
1425098215
757737660
911880383
422036223
867001581
1944813132
194525450
176496992
1884175037
999284988
307751191
1895945680
836414810
786216131
1576769131
436875912
1548140244
75671187
563765738
697397668
425435674
295856435
29444421
1487100743
2069234550
1489448235
1811129600
93252571
826678953
379807192
1689337118
1539693686
203218083
1691585951
180403820
1814630232
1149948639
1177795390
2136996456
985137809
420060761
51378750
2070412236
1150913215
1440288048
1930650723
338397506
1073057324
920761769
2021868470
415613920
963814202
1998352619
1464863129
48672642
1726795990
827090443
1952069471
966123601
858335713
1378008747
947135082
338656974
1490107873
801693237
2035389402
1711092379
1404603646
1485083317
239890784
1127657444
182319655
1966618961
1311891760
1589473640
263650642
1550217317
902855445
223725864
187463648
1728090431
146225310
215486890
1544367390
323013492
1604187766
1584884202
1001914600
1321491421
1030453457
392693214
1820343912
1168636209
1910113539
1904590245
1542473980
1882206272
2121974315
1455170891
498284854
1160317386
1768502028
1081874235
817104892
1749283834
1669544700
1025456962
1594427856
1861257602
1938767861
374912059
1554816042
857501780
864099272
240827997
888145665
1133521402
707243634
2144053277
1629729898
1893879698
1830290311
1939943361
339738711
1910002538
298327243
908062595
1233912448
304316980
1352307680
573383262
1668535390
475700710
842884377
846965624
840299860
2004618288
978408812
1736567339
1588039401
516567707
1593083270
1580500145
734624560
1209219643
178381817
2128278380
1868828489
705631504
100683921
1335178960
1992150016
1309818623
215442116
402047470
1096890002
864113768
562881863
823215005
623393680
131676260
1148008637
1879742535
2038930909
1835082908
816967562
1401146957
2015040465
1347919049
1138562246
1246480152
1956304000
1279320003
1773449294
45522622
686651157
143462472
789658100
1981523020
1461003863
2125852492
686476758
2114866358
1483033166
131572215
1320948684
1703094872
2145249791
843423040
1955523579
1977127720
115091282
1213493540
552997510
525025147
463689493
170052994
1190661221
542755696
1186486041
1211611798
513986382
345941245
650175610
1240571664
767866575
1616285844
1286788092
1889619408
2084468861
314740337
532360849
1751512385
766175558
292981379
394482680
2115136079
2144634339
772989172
75130239
53602566
1069404266
1568498007
581655273
1716126920
486585600
470751853
1888240490
123281963
639256492
2146883732
1983468751
183268461
1660636486
2128928973
1389791930
1318983828
1124802958
345182824
1736226827
805013543
1741794393
629487950
893586523
1952333186
248920037
1997535979
79966114
683934682
1057757774
938567606
2030974456
970067150
1032012826
1512889182
1885261177
2105902501
824305134
806122899
914434113
2068186666
1142797165
1089833259
711268859
76698986
562584152
711937784
65863580
155672717
98088648
1878943365
483195873
1022851613
2051148805
1483739354
1800874428
1653622622
1946658253
241925454
816961807
741173178
726913741
2081740822
260881259
726323027
805753899
150894446
689756916
473166152
561247296
2584930
122543456
1627984774
838080099
1949402169
1681732894
1722795592
488124896
544004991
1618739859
1410930988
1547389448
1014422446
1969129343
1914161139
1348113742
2123480696
1793863294
824850645
982754815
153971124
2012301483
247449215
429098220
787909346
1583596383
1916694442
1321128640
1959240028
417216535
990226009
1896488788
1789411612
1401477236
1300011183
1719323282
792819748
1635637339
428207466
725344358
275964046
1471092796
370707968
322404818
1185057072
28111216
2078062676
6065438
261783275
394929852
1965437461
2101434156
736714897
748100339
1343756212
1557096426
996673392
888049591
1707892992
1899056096
425520767
368070240
2124469599
1434103017
1599513124
1474968821
2045561259
798229502
1105273504
997622102
1509859750
905336366
944685848
1805481085
435531548
869830314
663465793
1756645337
696035476
2109155324
939254182
995974874
875729330
1488451160
576058521
1226669707
324243244
1148650763
736745396
1288246616
630243431
1969658128
2120815626
1723792625
983423149
1698400961
179759344
1603942471
258789901
1207978155
740371297
567955380
1224455120
2054944122
1179087378
1813646647
1268647401
1052783379
1115994131
2145811164
1399533574
621235393
310919199
1296311610
1100255295
1924502150
260907648
646890518
360307388
1248581523
351047585
2076150566
83870963
1808147924
540897586
1902675183
1570030744
1858132130
1769255922
1526168015
1611740955
250572956
220472348
1329136919
953937594
148083344
1454007920
431790672
957462650
1691861906
1854224348
1975803039
1954422782
785945647
1788853703
200788547
614285394
937430204
1078006300
2101170454
1634378290
131919719
408069722
883759588
1033386277
340586005
1142633051
257965718
1113655391
764725897
1682500700
905853267
536570236
1633937930
290489810
875767800
1448250217
2072114388
1308827770
233315676
2077906803
1305787944
220875262
864027821
169758219
1794857853
981452865
1964775673
1562326296
1389247700
1252630600
181998281
968299001
1006581801
1203724740
2057719272
1056201886
380625461
2024883408
1959593053
534334023
1104159502
1041432096
675594768
763405224
739998867
1596728317
587743752
1009284252
1697119350
1754002891
20896489
713523094
413883359
369258129
1261160866
607235417
1528278429
669998141
2063570926
2041675344
322927992
1306485134
555886839
1019279242
1710445218
417787042
1101377045
821699926
947365708
1524747292
1897194931
1350495607
206669652
993963249
609429074
2048494341
190392347
552102608
1961547687
785559008
1902439285
1741929772
1762597856
2106578897
106192826
1716939495
517966597
60567870
787083001
190172828
289997433
1118285706
769331020
1160582537
810330783
1936459527
1676273223
1585988375
514225305
90473113
718827914
821535496
1574859307
2004712168
1924425334
1565520956
1407486398
1290913601
209459964
2057713184
1351362689
945299978
1938811281
981115572
1035318442
1791498976
1843962430
1645543222
80585178
1033752655
818068179
2127367536
61155743
2086488877
1933918749
802267877
1648709371
1000968634
429677883
1740418268
1860471901
1151675819
495872940
849785974
151468336
1740186356
498854841
1762338466
13292096
1340752647
1087750129
305930955
2078047823
1740725729
753475089
192717793
498303831
1415609127
816724768
162525187
978226667
1754548955
615802520
128456902
1159384251
399091643
671049406
766506533
433717814
1899144502
131401747
1275700741
172805706
711213836
305590755
6371939
1396216391
1307410561
754184698
910417948
1244950753
662317373
159191414
1999005784
1772031060
1738495427
1524491448
202030740
1230423202
857029004
1283238004
268596555
1667782648
461469888
213769704
1346712385
