125429200
1006860551
1130771930
1646632135
652856859
1815902292
1148871522
126965448
1739911847
1106245363
754222290
1948221312
1941193224
2046161651
1088426186
1148760598
308506122
1645760397
2078710976
553392229
1290348118
369134469
851087547
1360989488
2074088381
679951274
1037507755
546271091
405274148
1556704119
230943074
1132370132
1473455884
1229465052
1127784243
715655480
926581437
270043158
820247590
1820719475
428087823
1039065275
584831957
953624343
789675733
2092268754
2088170214
1362905965
1283513574
1971840286
1579647013
1785253762
717869513
1131769212
2038175036
71921496
1952961788
2021267554
1129802002
1706860094
882285281
1456140423
257033662
488873530
1765899334
704846497
548873255
1733319842
2098039952
672203082
1967482682
289621450
1970710659
2098666748
1701695686
132997591
1005742000
1307179579
282520055
2128489650
890272379
42811346
1779415405
545897240
473865927
1596692277
1228783864
130735823
1724839233
715225349
1288363250
328080371
1069687110
1408303027
72056633
776823151
71515506
1811219004
312696776
676435591
895110854
2022430994
7757042
1018048401
247103605
1045843739
416605498
247208900
1062998603
1546477778
326034641
463240744
191267770
2008648588
1326305453
237028269
2121147779
658542293
2084964674
444385368
701553662
501916153
886664927
1400954264
2142272517
1804484510
1942528424
266642359
71683203
664914318
707659564
1216923756
1269683860
1248093843
1968525218
1604639885
1384369753
1942199419
1286853829
1438094049
1714716252
991512635
1578224713
1591925267
1134346138
1840625200
1492772856
1866621891
903030833
1315159168
2013568366
1038240439
76921511
1775294879
1483599725
1298442799
72810452
18970862
1379414750
306190422
1039308142
1025089406
1250683237
904795604
944233263
189031154
1722575775
1400874112
184158373
1871228033
1901772027
1174361907
167744918
364898843
41648946
384519352
438271757
676032419
1995094884
939960287
1301910277
1685023323
741828305
384382641
1184861361
394684510
1126893872
858593981
1972857702
1192138310
1613001391
352674961
268176934
692188397
252374920
1183167557
817348042
243067217
1771476797
1829900593
1554313163
961194129
192681328
1265584830
2015112109
1369776660
1683351137
987714650
1908055304
1341008329
1351262468
129642117
159087668
2139210888
143624382
1126895369
2054625168
597530775
979386556
155359814
599582575
299344969
1333271280
1669996459
1584051872
866024642
1604787369
1506863937
1794738585
778008277
1046770382
606854753
2119798335
1276328974
1717678007
1395696006
461438549
574057931
968740009
561570109
1009155710
600053893
703367403
143599673
706618352
1704319277
685138057
1655572611
1926818487
137475761
1719596197
1800627662
444139171
1003868573
1866686324
1437913832
946477264
882519006
1948224988
113185869
856880080
236382883
1342265512
261749206
1806121079
2092536924
77707110
1724572047
1224324418
1288236260
843581150
472077733
756355684
1680814523
1440808239
2077120382
602862703
1989974124
2006091143
371591651
1919049628
261099790
1527733630
228887640
1986053559
1500671717
503377424
1969093005
1754646697
877672744
93026869
371104493
321936291
1006667229
1238916383
1973912403
1371835621
1221288161
257143312
599057116
1843651112
1560830212
75915221
916227543
2008994222
903228752
1993023970
847778009
142639588
387306602
120375563
833989614
767465904
794884114
1025871325
987950826
1021938525
2111827653
1113255575
1748041949
801530913
567614850
1852781256
160300196
1312934471
1954868137
70864518
824102044
1996256253
1307955966
63274824
1332072306
1634468028
167390669
571251809
1528150038
1458552655
1026393384
1307948314
851786446
1650952835
1529430348
1637168746
1680816487
1750304362
743489058
1213624916
242499718
1994795083
1347610081
175112925
1577928732
1784582953
1660916688
2035360425
1861011704
1830286062
1165041961
121484593
717904246
1553670197
703503897
1605392547
1206264661
407533233
191977701
1375042391
450143398
529819708
847279398
1499991785
1228426721
1134032512
843019573
241701623
315993874
1802427708
1178122145
1915539832
726140464
1300485940
834341597
832063159
1139220622
1612187576
2092013815
500092652
1078763883
503395022
1372556675
1680724853
662036388
1532694014
48035734
200135094
283159689
2063635387
537430510
1911010698
1532261836
499573609
779746095
3875172
1198412949
1178720271
1394272328
261283335
698203059
401809307
751319796
1813924830
791189230
1774664908
855389789
212488184
2066271608
2119204288
329346011
1815205540
274872706
652644634
1983969753
627418533
711935722
2052195279
2017629912
1168955411
1026788113
513118606
60492429
496696782
669435851
2086392266
1865275174
225343647
780135280
1076783973
678491307
343494892
535740431
1384421626
2091753599
1140874264
579607490
1451845575
463954693
482356853
1435730973
1020705589
94539103
1736766183
1131828928
703119110
232100177
347726358
747088140
1079906842
1013232964
1176941391
1963012338
533959646
373147239
2094858488
1741990119
1995398738
1436650224
960314030
105005300
1755125428
2114115200
597319421
1910755049
171335374
88031909
1660769979
619024305
620024025
1093905785
1752984577
362834881
1832357901
1533984871
237565639
349622443
2088572870
392552717
408746267
1737773519
1074959188
372575805
1758725374
1480679984
1627695199
1941457694
2014733787
956275044
376585717
1540708976
15935397
553129382
815819314
775334893
2058696075
1309453574
431444107
379878858
722037339
360038335
327310007
1857508445
1540295793
862035369
881514042
1391397336
1357500249
684167365
1359650959
2070665267
1715737865
1987034870
505752561
196796200
270649524
2110928079
1781515974
998099032
323997004
788695943
943108009
1129139083
222402967
193117193
234561554
271611157
1701723117
934203688
1124013988
410955859
1926733707
2023508720
2004242963
488683605
1849331095
635643160
1874882992
1107603606
949191601
1794347667
1929840787
844875750
1309415986
159031365
1381681764
1962665833
145118212
1325994195
735432902
1227231160
800510494
919790483
528317536
1008346661
1729397914
1779636387
2021465224
1718293531
1249121140
1569088533
91957134
689060516
542038241
1504223816
685600163
1005542405
1335420746
1896611666
1114460261
298990980
2047292644
2036196249
1435740424
192766794
1499375341
1872549761
1660200738
929392738
718689924
2143531071
1680773650
493262049
1940064549
1591834572
1367537422
1147302944
988247745
22716918
1507880393
231820581
790927222
1694974096
247184829
82804512
561959664
1764427978
822726170
1248650257
1533053787
939465627
270035531
310672263
953163268
1540531034
882541857
1413791618
47649675
868644973
1520256158
1773479290
2067388871
1660493592
1726333024
931884409
421200182
1136365687
2081160361
7045475
1788516383
742154375
807816199
760661590
1907481926
1780347742
94429604
1998316076
68494411
398824315
2073034284
23467805
308897184
335305528
537379158
1738241922
943232037
1205338972
141249042
539710388
1130852962
250661069
953511757
543319059
153174368
1540012898
123206500
527454498
1658405668
1630267351
645067811
1260542928
768060105
2113793754
578034040
638650322
2043098169
1936767810
1879532728
297454123
1800551816
1836919135
1237578381
1298390477
1529994221
1874956652
730685820
1286832217
987694685
824133409
198725391
1896413443
910004166
1855930469
484523427
579267473
1272597221
722810145
1699728592
1610193282
2010206660
131836464
1832177264
1059377995
9898708
1358461298
1215324750
63994813
531506594
455117056
1928716909
1865850754
612264249
1569358713
683018738
1499742918
1218694677
661357435
383017135
1926113010
1355480511
1718993966
349410636
2146232979
321384970
1340115194
1798639636
1195902297
1046810088
1501662808
1547872345
839729724
1697950185
930313670
134088325
2018146745
555003474
29998804
1679809727
775515706
166950102
738852700
759808054
1005178004
434031604
1454058703
699403533
1779659434
660182508
752281769
338550499
907755055
1409424735
2067128838
2139867134
1719059848
1065015682
785350223
761434387
1002405071
2041117694
2115377933
1426975668
403433716
116900456
490494686
1513595222
1303225086
1527063896
386207620
1312975102
442305903
1099702056
1938191131
1826893192
1212661190
1680499787
1341293155
489827988
1233435678
291702599
1887529531
1910375949
1816255220
1402806864
1027086895
1812544599
1756334342
896876675
1251225128
1820701973
1902419798
220848315
558334274
976477844
701091150
383192084
2000739259
1309945303
1144284413
1648007674
358895110
1429213503
1020422527
1014651884
128772863
2119640023
1669718395
981404371
303739706
275778362
57380806
1217032185
1324000116
1382615585
187257894
761062312
2000943147
239792525
526554673
36035424
2112149578
1177664141
1962228819
1446830515
2089400572
1318630061
1359466733
568062401
468577441
974963963
2040108955
2070532172
1081667294
1312164279
2085581966
519216247
1108549583
1460823702
1053075480
14053920
2102771800
1296935347
836010055
387553238
1114972569
257960211
1749172904
364860025
1073813887
1357091027
1123463213
433068141
1812393591
2078157296
1843307817
364740218
1449200702
650085299
913078135
610392132
1714680788
289278391
1207293115
863970913
131922063
427012248
1690436288
1929415708
789478476
1511031610
414745601
888874694
194936000
484211379
442384963
1998504115
432497644
112110294
1347387743
1318353368
359148975
169241949
1455881246
1121001471
1112544373
1020515762
103198012
71471268
989009678
75978586
519890575
211492464
1177012633
492120319
1640527937
1702073423
1625555871
1480035864
1525205561
380375088
829758780
1996738871
1909647769
2046660440
1334414711
207116526
1542630496
1076995684
1923931059
308732255
934227246
1276346073
78902847
57967711
1962672424
1459934313
1311186952
1788467783
2060757490
617827269
1360512878
1432886615
2048255449
1670782233
908310579
71096774
645963795
1319218217
1288452752
366761066
275538717
547244038
450810210
1677947392
149638980
36236396
798386561
1956940057
1828697920
465075899
964095026
1796155554
1126409466
141533328
517097138
335117582
2061805679
464179712
663034098
400727586
349860524
370949489
199908707
321892188
1608834809
1556227860
2078944092
978325970
934915609
1319948714
1183777836
1608173704
776931205
2115431306
654489335
1776603608
427673949
989110630
2108587269
1075235221
652342752
1968430873
1201308663
856864031
729896943
1592416617
546604125
2093042573
641792236
660196169
2025320292
1618171509
1363727039
1265142952
1141245356
951850330
1326014450
456555763
504318264
1242443187
1273940988
1237048110
487906431
1676890516
864527771
1088374186
1855946911
1741645564
1260459354
1254734692
879953073
1310890426
985184818
242424058
1193285687
1590321660
532966989
676277067
1751356082
1417161077
1842501093
1344999849
572613201
672454954
1535621707
1548503485
2017096643
1219705306
1160467204
1532911352
249562413
480751880
1758445326
1615976370
1635513912
117081254
763170880
480156129
1055704897
1381134175
1250192079
134586742
1741494708
977792897
1150737133
345080407
1172939635
1248746118
996713099
1607651317
906340207
233201470
918315328
1187849355
1841112410
2073968794
1355126850
1650139634
534057587
2099163927
872950928
1637574178
213716352
1015539396
340961586
886967625
680206298
416344050
659235736
2099903361
443628962
101982328
1029882912
208324658
347428626
1968595872
771888307
1011598596
1387261166
1751289522
1233147791
1666333310
1902262808
27944986
1260013599
1485870144
234103875
1715341112
817940485
1072551641
620447168
1266003653
1818106426
924342598
284131956
931046365
1379429965
2070961160
1254537707
708455341
478322119
187086817
1954039941
862353849
2031623600
957709866
1262627278
1987836106
569329194
1193018580
1779740140
1487272051
52245050
329611257
1487328305
1348757823
1417189799
739814174
142900432
290779513
1025320699
1893827592
805880749
201082008
577170342
741341495
1992947277
1842169668
2056631362
1745763843
1017231085
532294153
255991538
179263058
995294894
569656471
1095398883
980478964
2079903981
1824660403
1828417524
832495515
671322545
354393022
437852530
37007226
1186468158
1725116896
707675900
322989432
1392672454
1298337233
877466758
1976344337
1797297215
75527748
1313935992
569508042
1195994448
1806940656
148628214
1804060495
1395563365
1995564860
516892987
1886951466
387524833
1324225670
252890398
715920418
1100897651
1930076944
1847899319
742801840
1997143631
1499893570
253449569
1274781400
1522656332
1043940461
1552741914
1771258576
1718418022
1947499689
2000593904
1988236116
524983375
2036178265
706260230
935607784
314897860
1302339421
475997007
1458752618
169583647
1291159096
1807603057
659532113
1841667849
1474125795
759673796
1629187460
1893972558
2100901677
255869817
556003801
1612722889
859112141
1896735192
3161640
191682686
463682310
513653153
1566445580
1985513414
2036097013
351169684
558814006
1481491365
1763990138
344232717
1774552429
1532727
