2104490804
22289053
2118408141
1440949711
1050325405
444855997
2067851826
1596363967
1198260471
1953132633
1866883589
920749790
214486181
23886741
1955044039
991575529
1685449606
1370435684
265366615
1134021946
1446911776
50971499
746811179
1016726139
392696681
1347087109
1337346605
1761732469
1680888113
531124832
2121647152
1028083462
571452719
1807146180
951841549
1085079345
89480614
439655156
305955422
1986800208
2107932851
1817801901
2095033303
237570404
2044165430
1936828491
1653480252
84773261
961038427
1649762955
1783420930
209985173
488847812
453169259
658501254
1071377574
1222293588
1666460974
1083978468
138451740
1336715675
1252093563
595335030
293814901
722415065
1278562469
1620127977
2136409957
1768477361
1375184134
258712061
2029720838
1582368364
464184452
1630161113
1106561069
2019046886
263792693
1618618376
77069784
547594009
854379039
981017876
1405654723
1025475140
1857228824
318232253
331309594
1867185079
1707827916
1884798166
382583112
978022462
2074850013
1266604989
1715369709
665458215
1133170213
1957647733
363279087
1098695922
185304855
773929570
2137361832
191092117
1712304195
1520855968
347817021
878280041
1801981432
621021439
640198670
1047244212
1560707075
1772782751
1717654345
767566291
1277805974
2142049829
1386632345
508749316
1993235780
686483351
1469195260
2052735182
1302733609
1474819546
613798579
247433485
957378343
427376325
1739327570
776671902
572953931
13072097
222134007
127531939
1326238285
115679423
1593561239
1079460979
1031114294
1877508086
716343156
1444822049
197517084
466059704
1021019051
1635969960
1252693513
280712465
1765992425
446548400
1515417594
1095961787
1599594302
1254269183
2114872579
1161315488
1527426570
425669503
382078864
1050567917
862822419
1895613415
1527776710
2131016910
1423279545
1973964809
1310992135
234704588
772772417
2050483640
744750996
1471006913
1116573005
1654660180
1277789262
1952301428
1128687980
1836276980
914786453
1581053397
1285059022
1045775150
697462865
272490454
165372176
1766260869
452575247
1946984675
1386468150
1742097520
1037782339
1399839232
924755126
872876803
1958277292
174107518
1870786737
1911059517
1803402453
746632794
528121917
852043245
1819925175
1879311296
1535646280
1568196610
1868671230
640776604
1832049986
1508898265
1822613014
119086322
15534169
73723382
82320350
1495742579
1199093741
1878458524
911310499
1586891342
2076263872
1033711617
2113613723
809983043
1411409931
823564027
1330501443
1075921766
1670705067
1983008839
295736296
1448403315
1301411704
270682230
1590466114
910795208
1500018358
1410925685
737322554
248843267
322586789
1613301431
1244983757
1838081592
1459936051
1339890945
61581320
2014511311
1203951314
65765585
1602290227
58566137
738668899
911889516
1862892810
805652173
1609121361
2131404419
1861690406
467902467
549481915
1585956481
127070587
258617419
1529318601
1221284724
861233914
801208907
975862048
1946357653
879200343
1678781492
1954437488
2129404534
1369959141
2034165503
1632865578
1067979719
518181277
1558118218
852600143
162162884
1210286909
595997129
1002494052
1411542591
1702643853
936830314
1567196034
1756584261
1434259644
2097952009
1365863050
1963296880
351058409
869964493
2051508597
996036553
945233855
1449768733
805988553
1939364183
130167352
1303989571
555878183
623723592
545158786
2005610395
313887233
354536635
1219195902
1770878327
385222506
1915774504
1238282085
681309331
798677766
1663226477
1944319493
925210671
1396774944
1435098998
2058869546
867291087
758041306
109778311
1481206211
1640755083
1091820159
1190051881
108931891
2145254419
1659731701
60119983
1086572737
1902246979
1129208654
1654788451
2104271816
1978174047
1897688957
1419283538
1523117202
744816363
1014444837
1107759281
1666438735
1117466410
1712016269
2126143467
518302553
1209030961
398356144
159880008
382575506
1109424038
376776050
1276163899
1951301353
1165154074
299712236
1663799624
165611004
1805412097
29550312
1532926608
11907800
2146164810
1168339304
1272895738
112255963
1942191007
303041889
775545088
831331002
723882299
1227075717
2080500243
2033772959
282401890
1123200574
1258717100
205475947
1279310978
1972341686
1250097393
415984665
1375628772
958907155
1758757119
919894594
461886479
1156859840
878451162
1387221693
1472892857
409255399
1875747823
1924307294
832420459
103380731
821269569
15534559
1793409456
1806656881
1635754808
1866555357
1824357369
6445454
779836931
1186036985
1913975056
1069349211
2029003941
1784319775
406843447
2096301494
2014101155
1572739299
535899613
502898307
50810953
143646215
305939196
251287551
1641880212
914282009
1551534098
1777931061
343805887
661612345
1891132857
1438755721
1720247917
109005561
1851315429
976333681
1528624495
672112477
25061562
1606638148
1662108211
1058522625
992271368
537040170
1421396938
1347146586
1833679972
1097401651
1439480980
1749774356
499281124
1915118725
922340490
1698311835
1219451510
1672651949
1864220200
32536246
1299176413
265480214
1201307637
159664461
1921767241
68640919
1635589296
1465597515
533718931
971457830
1298875417
912998046
1238522642
1477521578
820270681
535141467
332596764
178871279
520584207
1449151231
28017437
1139033267
1214182647
1489705425
184883789
1135834077
617178937
473625187
753085201
357774541
1461492044
2062761271
1650757872
483602382
1747558533
708161149
2131500592
940636584
1694576192
157474042
998761997
1975175763
56051113
2012882181
997240981
1658956997
827343912
1932360108
980849187
1199938028
1886766695
656795123
1468350581
1232801976
1152422913
1709154364
1144676204
1915805007
1485659080
433107394
2016517985
1884676452
711240371
1937462335
1708009247
88723362
383461218
649938862
652632960
1421929538
53853264
1497334315
2058286759
1781662908
768473748
855489526
1695752407
883355801
388865876
1116961174
1844747502
1635454311
1738327494
1223972378
573737602
1587038151
836562916
361721723
141991831
335176608
1292087212
2025453341
301256152
1774702980
1972359776
1438892430
801644084
655288686
246137571
1003323970
1391601194
469821870
386769856
693525580
911159491
35125893
141319477
1917195253
729468333
665268932
180112912
1908142668
1315149228
348314559
1463264689
1656362855
1123843262
1534837345
84808887
677670599
1307765712
1006454617
920034890
95897561
1850375190
958857330
981529605
932689049
1689439755
1370873089
1269851774
1423962193
871994885
1377689463
952177779
548155520
1829307142
705233016
1153882791
1994222054
875852546
1670451024
1898167946
1680433391
1800197297
1891953695
1685101501
1671508247
1055445862
508992988
315407245
820904546
999443925
2090104049
1265972675
752731633
886671467
2026526611
1767644038
1510389666
985852743
1679966514
1280780015
1721112530
2089313752
493881100
169187624
626097986
532556888
276611799
338310287
859589563
262345561
268955853
76682910
694038808
909535949
603510705
1222180750
1508629776
1518573214
1109842996
177760507
2025887049
186547478
627922486
199469671
2103905878
866887837
1202336815
578483941
1968641827
1143904439
1911249077
1709080103
1021265166
2139326309
1738697629
592958886
979007174
1763127137
1131699371
702057064
891773775
1218608115
1461264225
1620297073
2088949538
526064755
1979847160
1399688392
1217225072
98538844
1513267565
590924580
1011831687
162859272
1285414066
1441130548
1989809230
102142477
395626757
114711432
391375338
1505339700
763128158
640042015
791378819
396931347
222268162
763604621
1124232481
1946968390
803178805
448517065
1857198000
542010190
1749572108
773929617
1917288226
1879790341
1128224352
2045920634
25020595
2003768509
1577668319
110516119
1500812104
326619893
1180409916
1048598981
1075360753
114517431
108337287
1986529938
437254285
373310865
938909591
1073226440
1860874893
2066213934
476099747
1957034137
440658897
2049991824
1108996848
80210792
660391854
660890860
1907617701
1992983090
700822033
367848481
1004987066
272156311
1357913789
734854358
1389993502
1143093066
1934904879
1087383635
1016454526
972041992
1898006186
1999812354
1554330519
739579308
2038873325
1109308737
274905695
1718303615
1737006459
806204882
1525172692
1537025827
71256950
637204288
765638584
1368825944
551728297
401388724
1852121181
146759019
1280009121
2055957111
684632726
829611323
840389109
1804511237
1163614413
1385666537
1736072359
1969662410
1009752371
401624671
1864260771
1602458748
95905554
291827437
1215628644
2072955924
2058153790
44889206
1738394550
913866858
1831324074
1797007090
1403270806
33761644
1008007702
544393873
1031740469
1779977466
50924006
1478314971
687828251
1280149601
1289792782
1961092798
2045071209
1026979699
1698268202
977892406
79457335
1980740416
1251192234
1130440855
1225552156
1335411315
1778776107
1398123642
2130241483
1882617162
955885536
1591253570
767272410
559204147
109044015
1171786314
2090284703
706150400
1134684760
617117613
1225965875
1565945543
565089872
1596712881
1484114539
1709951615
364482914
770117780
1020068891
1857561883
988388014
1546496639
1753357386
1801879659
194653532
1966664050
1573620155
2121241301
1122915090
1267031987
1721730574
76225555
1226354643
1470349513
1494100354
1993736910
304511117
1489170787
81936603
1087271381
2048000207
805068903
2072403806
14831354
1563111831
1160199733
1581371130
1937245577
87513929
2065452836
1094262913
1419722342
1259271356
2049078184
1834499603
731299778
286718319
307537956
1418199451
1722699385
1574746329
1205142980
2020569459
425659148
846596318
1680644628
748741923
1466065974
590671197
2045703083
999650375
230119725
1373431526
976785003
1180512654
931620214
402209417
1368003571
395367390
878186597
1364632778
1198979240
855216021
1150007856
1831217419
1702108031
1968258
2130644444
436131317
1708330740
1404445914
850955458
1101383381
1106752679
1062345296
1208790634
358610727
431112217
1214134978
2064879281
123875406
674728165
2021452595
1733107904
1824503693
866639937
813746736
220003125
908448155
264767243
1842404170
2084485388
165507056
1518214136
991534429
704888756
671868377
1453645884
1688863469
979963087
323525803
767974610
832851627
1138353543
117741844
1603228265
644412952
128442760
1190904717
20545003
1503775809
1460562845
1630864875
1354849194
1177933480
1168077291
236285973
1875620320
1025265291
1498269469
1390108437
1201730117
1725305472
766641723
1633816602
469190191
1056182001
1415623625
1763203935
1528554052
499596581
146448478
1265665556
2044717349
1820471219
1032012590
1675077665
1809876391
1513884384
1234485465
833089861
1164009186
71666104
529181579
570726857
1170759
1636976662
997387086
1102829073
979646789
37519832
975093417
1488954742
962999988
1122376451
1645853987
1006861362
1911155941
1812383748
150226773
853367412
1311688003
1617246225
1195810475
253756052
1339259557
11879342
481001143
260907105
1700561716
1756578124
63222321
639194005
1940319988
2083832332
1254735247
736702314
2094425328
447289505
1321752893
51208518
273516806
2038967379
1346377082
183849105
1286255692
2018785823
1388192206
2071112103
1110936094
1530611196
1144246827
538797545
1963959914
208664537
1818726093
1985955711
1927792026
1907553901
438260034
1221680699
2139073841
1223007622
827967838
1709348518
501513468
746491082
1058190593
1963435343
585339315
2001221946
2088509994
649676286
1829658953
1445475504
317631826
12297220
1316196821
574368648
1400441702
2058007982
2007127320
79551068
412350816
785620179
865317546
1555127783
1299663745
982662797
971377350
2012569355
257848877
812344324
454146990
1543683309
760646242
537843302
429733432
1946141753
2139297308
461089060
491271194
1022756475
213760253
1782207303
637083383
1409664014
1304630013
1434963702
2135257537
1437587814
1730136493
1978648253
1168802791
384400326
173199356
1002075080
866717822
1006404132
1629452913
1350784656
955893261
223353385
326786307
2103281838
589220085
507546452
168815768
464656848
2125116027
1253362238
1176075800
270141897
1632908916
218807800
799333678
800887234
519453068
1532967312
926700699
1263767182
294568498
1598344115
849388086
1912798748
717999652
2110563948
732164228
1724752389
995866258
829882635
1540132848
79690054
1101491441
408188448
282577319
17556231
427260511
1551368103
2032190994
711089305
216615854
334582590
955588849
251522175
866710544
302088336
1117807889
640117923
809250909
423089110
739330474
1470629290
250483971
1136860788
302984023
381046113
859271306
1688446911
128178866
1671010902
1844874434
330049502
1480948363
1050525316
1628018828
59002574
504219589
287472422
2122949699
1246067071
1854391502
1773477804
127449797
1257395996
1441948345
1264051659
1729380641
840196200
1776706042
495041711
1613063903
1045832515
716653757
857363788
1916539110
1025475661
1917504739
98656722
1075661070
1663645857
622862234
1584208447
351591491
63887810
1316440215
375076878
2037018962
733681044
748386035
730905357
1043661395
2055183489
1507716511
597158220
