2123803293
213745469
1323994564
1458736903
1341346737
131596765
293138560
2099569162
304324732
886677341
566557011
364849283
1374794487
1883491781
1960056071
1222497448
1226231063
1608266494
802923228
488627222
1084960999
60713961
950330157
727192116
959817793
599913101
1828251329
1958119092
554274344
505607528
1699735729
569510456
1198904261
305664486
789322993
924457745
112532221
103547887
582917500
1253809186
1328980139
1892777115
2079703072
1275516899
777605247
68710913
612286179
952856961
1823341682
2106546733
1232682257
1904674339
1642811877
326099759
62509795
562913352
1183696469
1809701456
526477774
2006794060
507991485
1517818976
1256313701
1445123338
1317440649
1229343019
545563883
437861274
656013106
713815050
898630009
1712211259
1609347450
1077373845
133536968
1348479052
2141876038
1688568438
431153308
1451403637
1734670611
979706713
609074894
991004131
481998358
984316415
365451764
198180784
1444773364
861952882
1268666030
194088544
357731355
1731444563
2055276432
1485165959
246943419
522730575
657794471
1503798153
501902181
445356464
1959372714
537188986
967504702
529901584
251795903
1465074979
856383711
83276584
1071101926
408451622
41753037
1587674822
2030701830
867438393
102288784
322298077
494286994
2035383950
652389490
1118448310
1106552024
1087193171
10031062
596030277
2104465382
1291500117
2086604338
1424946326
1214359833
428754880
133305514
778882662
462538051
530627329
548487242
431202254
2102594424
276159436
355389664
397806106
1852402806
2076541753
1827647348
1148964536
681088686
534714377
839033445
424303180
124868851
1886997767
2061003042
571059937
818562494
1761354634
2111805825
2054717241
1245467
1454461975
393918655
1155362117
989741876
111632163
60074517
194018736
1031092600
609593333
1577004275
2014769813
1862766696
357833642
1636353244
649912146
934678526
1507788371
1760756957
934995828
430593210
1367857209
340252843
1143716561
130862922
2038283584
270271832
1820065973
1188222165
308611177
347519922
12092468
1240541668
2095224177
75085368
1816761247
1115427309
770728599
1893924026
1265083665
1627688318
1759691899
1270417292
1208250921
932385027
14267938
268672102
1193598162
1511693876
1817175830
536829659
970657597
1623443997
1672563114
1876930164
1263888624
366860747
1769800539
278006889
384690936
1874640784
1267908946
1534059259
1324283194
2016240372
1611240199
1803495537
2046641896
1947614520
745442559
1613756332
1860457487
753988743
1722521013
2014107753
1946231372
598359996
1866129047
557125907
702086815
331349194
1121037095
1565785155
1789689431
1925841868
1853171778
347995093
1479302445
446226602
773207422
940262312
1811737197
1801338212
1870471852
982668785
1485690703
981821182
2140963709
1579658044
555178084
647952137
2003983168
1864736769
1584049196
1739148233
965804745
513237471
835926212
900733192
643648110
689124984
1218876092
416807798
1764063787
1862014440
1433722631
571447483
1938616805
740831970
1680876044
292451867
1501711307
1894361705
2084056537
2137149381
976356057
248526121
2132935031
1389255352
1346748278
63853680
1886161752
1288469331
2103479358
1415189708
910287085
158800503
1682592986
944316481
84090196
480437082
650195210
1479113255
1875786031
1817859051
2106400196
1834213022
1653624208
635546077
1130030710
1401577391
61592592
1537758803
791486568
658864641
1122080255
58049062
1711159869
1769700149
572791989
384945366
1654440344
1280422878
1852347655
2047217674
1593516252
1499762464
528824277
555454917
893269771
1640712676
366766529
629747496
1693076432
1129161653
1679090682
1531029982
2009334168
688751418
764565558
1821696551
443746266
1171007568
1558651326
105277317
1892577144
311567812
1060025763
133442045
286696253
796589226
1799988238
896185866
1516185222
1767428956
963583157
1370555684
19553278
57827858
1972701290
1257016551
198948482
1483001627
485419469
1734268644
1799935523
701813942
1700058914
1514703617
1618490185
2142644879
2145845053
2014475917
933501428
1394986201
198658970
1113307620
738383646
901995268
1107939721
1460987579
734075453
1455384604
391505030
2084731145
1982442725
1310209726
1824308135
553497747
927318665
710671031
2013772846
2054263058
1047741025
1298094650
588225342
1770127106
614632808
2051573950
1301194923
103182090
960717437
1455093106
804500714
82126339
713073321
1735731038
844112935
1340835750
1214568320
1441923351
810737782
278405591
788364704
37242398
2070609185
1653465736
1739666775
1972820951
164101408
1664385611
1172118369
1043980321
1226493606
1451281784
1620028366
1601546798
951068594
2070399783
445984277
1185239721
515761113
865500353
984763727
222655452
77502130
291027058
103888169
755650462
1258186908
1837215967
428927831
1117122287
1744594836
1234097200
1486150415
2137770193
818441738
1792786295
30192941
696368321
534734032
211926714
983494774
600570576
790393391
707462046
2062273529
1696666467
678217748
1488608434
664458641
690817155
1776083816
598398806
1732449928
897440482
1427189373
30889543
599664726
144813163
1680414884
403752648
2029556615
846606980
1034605787
703217261
1087765178
1154142691
126292387
1527573383
1537586117
368205322
27728880
1144676903
1686933750
1635194464
132972346
381841361
865254517
1433606894
557077681
404373439
1741727685
1320759987
635147149
269826510
1503932777
1721589156
801690755
1268557321
789004963
409619523
1692015187
843693777
624117591
2047375066
1784697214
127302566
1188102671
1957506644
1707432214
454295188
589979160
993239225
1190168237
1121594940
1632371145
698837828
830617455
114468478
1272873699
1009251363
1639325772
859425216
1138442004
876963275
1640312653
1465081054
524221078
518768117
1075507208
1199355822
1302103796
528368184
985629999
2115843118
152294381
1317825604
940992834
1712727628
987098225
355254200
1906526309
1440630354
220496328
757296033
1711891788
2030639085
700696274
1597110672
151984978
1832482776
2101312873
64752727
2050371497
268900906
693123042
1362563167
1569899436
1875993400
1631318195
1033787305
1242946129
376874280
1113405998
1761786719
832406202
957180947
1127114860
77888790
2028722666
1135485654
2020226885
1559740835
1095185812
783678070
1076465275
1054842775
907602447
139501101
780019190
1307663192
595934567
1210375701
268692522
481364701
2127444365
1280907888
828321940
1666349829
2138845102
560388498
750498916
2031931541
65134241
1442943595
1614865205
1035796173
1639927417
676025781
1546753527
708496805
1269142330
710057910
154264046
1720043945
1181665449
1409236146
487822803
340465518
1656797500
617138673
246556440
798672048
977650225
1852833128
1508962633
1500696841
1848551099
1679588871
1341835662
1496303696
1170809942
1096005279
1267730509
1539729548
866269756
2128194925
362826476
1210543508
719861232
2001963591
499077044
1994800196
883930871
991171937
1884843473
567068510
1451228070
880089276
939150198
1511172090
1144908055
1092955693
130847773
1058210731
1146249269
1333797894
2103152876
1128036912
215978487
1912652387
1266787635
456127700
1965171882
817715986
1836372242
121033059
1372986470
776810016
1342078008
654738121
2076481698
688606460
1237707462
1389322568
1268685028
1946961483
1585045073
1148585045
253368977
384205895
1101792518
1681006608
1544159714
1161947092
1568209129
440631391
2080268279
1705101857
683782454
597515174
1963051014
1252339447
1021798376
1928451876
1130464684
1571525026
1640568151
2114664173
1882826340
436819576
2018624508
1853739904
635103253
1532857098
1918443089
873828100
1026539205
1892368103
235649235
2022908964
1462158188
1416847111
564574761
1928939651
905706979
254844379
2049614687
846150878
287284219
451252719
383982155
87950525
445630378
843437368
1482536976
1363615702
1055157857
109416192
566754752
874987262
623307641
1852273259
1204597021
1470435020
2113710027
492297125
839582584
313774540
1640685662
1698977194
138806459
164832349
1013638715
1967747761
9503874
1586553896
1844005213
2126872886
136684387
185062717
1203732677
1618823074
257586766
1795505868
69124521
1827180698
1048395280
849959292
844879820
979425
1799476466
628754795
997650665
1463408619
891753598
1587346883
154627401
398950399
80024929
853929973
679667572
322644743
311184236
1362582677
1838662916
1877046007
53682101
1761587154
432456341
1269058776
1124584154
117604240
1129057496
949543280
666259813
2109541668
2015336647
1762264720
367961163
1647241387
1159564531
1038402298
735381391
860041223
1726131704
1931011820
979828996
254051192
1984290835
1213621069
18952495
101542355
378990538
2050009459
72783946
524844641
282850249
1253834127
1978657125
1991205462
1481226701
1707951542
1104260520
78449643
1044959417
1925414796
85072307
1882696987
1587536326
1154131599
764647206
1526729720
401943256
1568306429
2091328572
131581607
1021578219
1898973539
858377106
1068342526
595638700
254286532
843224582
1645640120
460539684
30410082
1167751355
1691063635
921983119
1621006892
683532600
1836166279
1141436747
548027075
2037359024
134407266
1853877996
1522560043
1580146524
1509201412
394978156
1838918155
1731183876
139189237
510992512
1939268778
1855839134
1088903966
840361477
428520260
325913357
2062705003
1901053337
1324803479
1378805002
1331500026
2033347911
1591459143
900987936
1509361408
717040474
122731138
1000351953
2047162681
186490194
1755022581
935509718
864161033
1437801461
434641791
2114819204
1212512564
90871420
443290743
714202698
599608119
1959243502
1548834966
1729626199
541128001
1545210251
2145477251
920098904
1477050833
555409758
1605414138
614932831
756147949
27137014
1922734488
986624991
1680315132
1564669486
1490598469
463438804
2082123073
1799644199
1124403006
688898927
519926390
1775453907
1030696437
946525816
44748822
322985334
1721966010
683087571
309279645
1719157360
1823862033
728256873
1626574262
504361351
951375938
1030896504
1454114280
1605488797
1035662521
1663185771
489846480
112631907
1684510934
620817893
1185201153
1983350314
1526150737
1146794204
270431093
201171162
1882141000
1041555170
245011630
1112062715
1032576487
1457632384
1870208877
590203889
615018163
953104827
1529789454
1986468421
256589171
1706854840
350734206
217772317
226326715
1955639931
1522918619
1379597006
406577174
574656203
1064750758
510489224
1916721359
535108658
13943207
1175617328
1303561564
1115287329
61635422
340470091
35531112
527664944
2018141729
1686928917
1606534268
1700226434
1437609175
916492722
2115464521
352053062
1139642447
18887292
475469716
2100561499
615184446
1160462203
834014910
395002379
824302035
525513714
772476655
460853752
1579593209
478583318
54691551
1244620053
2066338088
529217242
523824193
908709579
1674594024
1058791653
1355132108
2123572283
1251670756
1670845605
547349991
1650944931
94550439
1811314557
804170992
1963728858
509131509
1980668954
1567183400
81979893
1847539656
817723875
2072553535
331551500
554378726
350988687
621869688
597233687
500683547
1798543568
1640823673
448768497
2007415321
1489176365
1716295346
1377592191
389122792
2042510829
1669279335
1791025130
859439371
254907695
1555001435
602745607
853721393
1771370519
1683983131
1760224728
1104550037
1076771363
1835478500
645364012
1095964659
1146761115
304176434
1634963553
468006
991009575
2114897382
510672458
480360035
905847418
2142361874
127290923
1710335500
1900321836
322214501
577397473
582415922
518858918
1597811502
1362667039
952746154
1369876534
986758158
782035411
912685258
1168785475
1174089535
1892171174
720986049
1222427034
831018362
1945311906
1648796816
1041687014
1501253514
402351855
1793739177
2145016383
1346059883
1855959990
125995554
1137253593
782961694
2050832167
1242110102
1796535261
569947916
1049371797
646656408
804322132
2140514836
900605118
1664490453
972261440
152587059
1310511145
1194151877
1651388101
761236175
1573006760
2037981454
925546884
349429152
165893885
1362125685
1758921737
1219341116
1520797081
762127745
802605658
392158013
1173875071
1178876590
1699848112
323341072
749784136
561573707
4480578
790533725
1808966207
1101127665
843088444
441728014
1666567084
847875744
1920532943
1277938175
765323310
1768222583
2128827490
694442304
990756417
212059919
732723942
1176323337
1109055712
423777398
606927687
1790486075
1576148292
406937795
2063851774
1417002383
374389450
2111925850
942666947
307205725
784922354
118448574
1962900832
786877451
1885370243
465346062
1906441121
1837235216
1450036429
608317214
1680634728
1092554404
821370375
1410218803
1008202716
566763526
2141190614
2119472730
952840385
948008041
921332975
1710158181
1891311332
1238532220
1163894995
94813827
1178314157
1086501013
1659004089
694846843
2119735254
2026059897
1411523210
1427243397
1176519995
118085066
1453515270
1441792709
1724651463
2012548878
507976708
119975269
1179176334
298916183
1312047062
220352590
1457979898
1415392917
1213656267
1013493122
1469437980
644071028
1457127885
