1424183496
1552110586
1083088821
1760836953
1227056563
1991782501
1643509847
1179792464
2010974144
1958841041
151157367
1258185568
658666597
686143350
2092477571
2093431679
940555827
1613525680
778346774
2145150908
2132766092
253704399
815191043
1759556375
1015233139
668668027
1581946225
735982078
1060458876
2073317826
1846330656
1826179424
1678489058
1995150272
1952694218
934202736
241070775
117148394
2024112292
1630736888
166358326
259670519
2113345795
650864215
2063977012
625260395
1199620124
1100551961
827848885
2060618177
353623268
2120527665
555127707
1425687314
521091772
764635410
705021411
407964845
1817503404
1565984789
1731753117
1010215288
1471219945
245719211
499133822
2019081672
840714407
2076832411
923687744
234501477
635529168
483455261
509109692
1216742894
1971144227
252781653
1599622881
766209513
562082937
385362028
585952448
643488363
927791651
2021475405
1147302595
268647776
2079329904
1382593017
2026183678
1600274040
1316202571
1734398600
2091575453
1622560942
63071744
51144637
159285373
1791514230
234385183
1630571844
950299864
330505859
1705579129
1914882954
301267736
304718642
1937310280
1322466873
1461205708
1893832342
1938092139
79194191
1266067640
978740513
747007182
782626778
264780038
972126443
245696488
78715730
1240765083
929507234
931126110
374966931
1360162181
241456399
173783749
1155155317
385951376
1176466497
2124705413
258923018
1685502456
715141464
2016639704
1914299507
1519220536
658222575
171250930
213252703
687857665
192404007
1328285755
829396001
796279878
1877414989
1218407863
1054223725
833670516
1614141735
1133066119
203192239
319933119
1832316640
1909109385
1770199049
1496789144
165090445
1826373658
552012519
873422139
1999102043
884976123
178546495
1665422436
784471639
68194897
454024042
1041876001
1111122394
755278278
676650394
252527811
652737423
325400014
220998136
483223022
627795491
254177540
1916651611
227752656
886836103
1717284786
2142991270
296957806
1692804324
302482031
242474174
561336602
621737757
1606775011
1223484198
1578202113
1617694202
1420682919
1771732282
1160544225
83542006
406375495
480881157
713235927
118482086
1583967849
900884159
263381334
816596931
1196848391
832127462
1130841652
679543511
1498074327
1788397047
783760862
1974962049
2120778957
1500812745
844701100
650364004
1292157366
383497351
815652943
2135125682
587467269
10294088
838978663
701766224
1785744299
522788429
2142220849
662334119
1685462559
848077782
1924469342
1229932039
1712120445
775753377
1526243327
659330487
384140235
2119405056
594128795
652328093
1911929174
248800661
1215710563
1846578822
1932643643
1744387757
868127869
785789459
501549313
1959327031
1868030332
791672641
850987620
2033515104
1222498801
583191699
1040081453
1511786188
3183387
1823251678
1514995516
2106816114
1747878329
888242097
2000226216
139741204
1276960000
1911244382
1203823101
62806618
1743126185
1371574186
845369508
775168138
1794929186
1389440013
966304096
1597679846
1185580260
1054358693
2094535412
2104323747
1409370596
400627390
277000931
462623105
546775587
1991415286
1209996623
999795979
318045280
1218782992
1986357507
461580653
286432750
429028696
131172748
1968013293
1337288352
38945965
1726534018
2086178056
1846157792
1940300336
1597738724
435595818
747214559
959591816
1233525665
1197402377
1782622694
1924537551
1716763699
845376158
319815883
671178012
1699055206
13364161
1367620736
1951568302
130134583
603865440
1588001222
1225597873
1920194263
1027612251
985262847
405664944
399291855
100211967
1850768672
25167256
1857574461
345089566
953260485
953173093
103502396
1970991047
120731742
1743276651
471095394
171306407
1154650247
1468691779
1926038370
292728060
334684022
1134978128
997542354
1497314866
1347539597
656639213
2010572808
1448390172
878037264
193984309
530728477
2072187088
683884272
1935455598
690781203
1973911583
999674566
1186236434
627979795
1092534191
288782555
1779036284
469588687
2095388856
723553636
1120982060
1916237318
1596882775
959485899
1159418551
1055983909
718631826
1785901352
412995662
299762699
36485097
2087952334
60088040
1705625573
841455509
1945557506
1858621455
695809592
705566304
547668423
1108433221
678915582
1538130976
1776782293
1493062928
1949694183
1674546641
316826536
1510820521
456346304
37979726
89489076
287245885
602313969
1439383724
2021322933
970402782
1683886113
1040021043
345191205
490360585
116194804
164188666
991261127
1705097428
1740162292
1139825694
1164365409
1034757812
21538957
1768005278
297594246
1154837480
95534898
57408982
1115897489
994541446
1991305374
2128830103
1700761774
1163796768
1662953013
1630786527
988391186
1577639443
935647113
1050127930
1349688907
2035409260
1121746168
483976884
1022629041
2040567926
1551483506
1641283449
1586243580
569234916
890156120
1811551244
1709865455
360627607
839983232
921793312
434343474
495346445
1037452629
718257174
1109586750
1122149479
50270491
920525332
1640614002
1688693782
393859921
688379582
1489916738
871637793
55206447
849157780
1984591247
759283221
1511511631
362246376
1102182161
462712457
336535144
11195770
440841200
1768072012
488361269
1539740082
1244652147
1177788718
1559012212
1004124025
645579215
697474664
349141002
1734051764
438182945
949480104
1783119939
1658667613
1694459255
1905806781
1082202680
1030397504
2014216713
1914922716
325933897
2035794512
234364293
1224504973
1943520458
586103460
1070034312
885366069
1672749243
819987217
1128208680
1061959744
1611573422
703816036
1422868398
1835378666
502773965
437512508
1912600673
1052141483
1072722164
1907008386
1443544445
70386493
834995706
1802302343
240276547
1581322827
1804313869
763720632
378528810
2095252664
499837755
220963840
772083507
1869883784
1589187341
585229242
1659764058
1671232111
1127553614
1330565457
485190952
1106662900
665666025
1017039223
1632369510
197063234
431647216
2016141310
505213932
171504267
1089334201
393628758
1709055383
579545369
71808035
937223076
716772184
2129670131
203718646
27581051
1683217513
137765416
978336872
2119804985
534746523
464805819
2036772284
1409385985
973020620
1183409707
1374461446
934323024
1924061044
97085341
1622013449
1246546494
1670754654
1424419496
1930510913
192204116
708364403
1386831037
827803132
337295620
1284379825
639246641
474308258
1779786441
209695547
1720665833
1571002646
1063096284
1161330571
1023651489
627276597
1953795471
481021379
1272908761
1314038652
1496692042
1339373600
969722460
1426882758
531756577
1036685711
1122468462
881886258
827072014
1544105818
2045724049
1771458339
1623080144
109632507
1545317876
1049591649
261888607
858907921
33503865
1717492572
686578442
259577456
897589601
88522897
1680968495
1194955859
2026070935
1250743814
240512151
1184147117
1856604821
2146378991
67141484
1219274652
2143886071
241621363
545743063
399435519
357131674
1677135240
1704671546
1609659678
776012144
1619664890
596186119
60941960
786814948
373701003
69966651
547570426
1603358180
476693045
955928699
162443643
452572047
885696651
380960201
1295094661
1739244669
1470070078
1620260835
513597789
1398383269
1164412090
625175608
1141160324
332223983
733413616
788698247
965489990
257653335
1098847535
894257687
1988670575
654927546
238863916
599560845
1586033181
14464577
57718816
1244422253
362763441
1047182951
418999568
602890544
1754532575
1222974376
226747688
1311986429
773498853
962207432
409117505
1383250951
921702617
1547863229
936982402
612662660
1124117786
1734509370
241865250
1109875782
1183050729
1595593688
219840587
594491639
175722768
1428621283
334943514
1507545589
692345536
17895103
2076369091
179865800
1298641529
519469302
1009642860
748746057
940425718
628093633
1219302045
475158817
1041356402
1374069438
500692488
629658646
1852785368
925960971
1537075752
1614904609
2107403003
1972639422
276230857
1436444442
563711438
276604694
1952519656
1086004463
1707066898
408603456
1234081974
1032415104
1767515176
1218210501
1525926587
1325946651
1719489288
449309843
971710744
1803102863
69687882
1257637029
428901349
1008553455
1282944866
913470034
476106681
408111845
921495529
1706957104
1563995463
355214512
303202070
204045986
2015232293
7354811
1296187467
258299397
1131500968
941778139
2026440908
1230464371
861454572
1333901349
1652273802
551333170
361490672
469093226
156113438
1199987645
1128327134
1960261713
1495749073
158185580
1140060775
1078296079
134525911
429117122
1514127949
1188374213
665232797
2072265811
1780147962
594847861
513605176
2126472016
766393934
34872226
1706435068
1080427441
1035663222
2114158980
1924334894
744660221
139108855
1782379493
1339254737
1131768505
172616395
898349211
477150364
1270754667
1591134626
542560930
1116949773
2084352585
999620681
23415509
1867795607
1776937859
6811176
601623113
18394359
689832746
10410469
379109447
1247520165
1821668027
1141961511
1770712547
1862074469
1260767564
972582517
1617154365
737565948
1725917778
1102069052
2089257556
1058782720
102510349
888013807
1312125826
289329353
1715827857
868880457
1006847896
1976664708
1855111281
654389678
396775318
924554342
1492489
343438767
2034201095
2120220924
1783314024
1934158509
43163127
654976161
213476568
1603906196
2136976274
2017966858
368339468
2104528841
924478555
276030459
377098214
545658399
1747010821
1250459932
635072482
741280258
15551218
1250844390
240832034
297191350
237797189
2010757816
1841748758
1060039866
82207142
2045237254
1508648391
417692998
1867822226
537622192
653142209
1115725812
1839066459
937499761
1105066907
1380921723
1723623875
266421102
694637348
869241493
1630872881
1098227694
831855148
702689795
1349666702
970444585
558533868
1538487463
910264255
500359481
347234579
826326478
1706818495
1868976173
1312040046
1872132496
1432129623
1549801021
1880661042
1973496656
1927545469
862762263
378048233
1187619423
8180807
2096570456
413008631
280270525
1828673418
60792086
645307336
1199575039
1490913300
1278199962
573988761
199039052
1740640129
2145589291
1968492511
780819841
1876520126
2025735173
1325588055
1830584949
2030688536
1671769961
1654057131
1993015894
1992172800
1711669198
1716815038
1766107186
966616669
1449735477
641238933
1803336850
1027404430
1126282650
1884180705
1058155329
1204796923
768925062
253363501
1518601002
498981718
885114817
1534328992
721080927
2061661300
1420828197
2087480432
1780777014
981087938
1801577871
236093668
865625998
1395772773
661182190
636067331
1200853807
98804466
1316419453
1443824862
1119428175
621659335
936067597
557161335
973134641
2088526340
2018923387
239715661
389972456
28508201
247475266
560331397
533580090
904273742
364329257
694249398
403958688
2071504889
738325789
810319953
2043492969
109845663
1456444953
507776428
1889894653
266873018
819550017
398582953
1787042367
1391314819
2133660175
1939540999
593541644
1142152269
1410529444
1540209989
1971588321
1898886782
1149985600
1539197486
1726443417
1428265770
1920910029
86544646
1427710291
87101005
336128662
2071742799
784232818
1218327973
1214907157
238359352
1789103038
656363306
3839977
312726435
811639975
634311979
497373926
187533010
538339242
1542097415
163583559
1306284973
163555789
852837764
1858553854
551700914
120881732
1927413199
655966252
234476409
1717242678
907814416
1669131437
201754595
491007129
992550057
1738398666
1771676639
473363257
1981809420
718864402
1571296984
1477645784
930150710
1217961794
443853758
974875248
2135578316
598933089
672102576
54734228
2113543120
1386642665
1752457027
1688542708
422802176
138866975
568657778
2063175167
1317257163
1486567300
2033671970
667987363
1245729265
694617956
1142442064
2066247216
393050294
944520843
861061081
248087130
1378963394
514848279
430335717
147659869
653279128
1220727401
557644017
1675963451
567724977
777068597
1593628792
1822097441
485746741
813068473
1886354494
1859406056
130068821
270108427
693446457
1286382775
1571159623
827361418
1307309340
1597108677
257812959
345670262
486991233
754174780
1150749383
257586844
2045915058
1304080953
1772139867
575750442
1013762323
2084668656
734216483
303483297
457933316
1258120406
2040921517
1045518833
1130238922
1514804060
1053093100
1461443047
1015398122
820743083
1644135107
1174733190
680640688
1032799880
1357553580
1556073724
174898823
1413171369
178648609
1146355509
381773596
1810529683
426625235
1519139981
1609546801
1753259684
2127557846
974078188
1719530201
888633682
955519320
1925907737
1923771008
66175827
1082598631
481271221
1159351273
750644022
1885745020
283988125
1213403037
1432225553
1120446839
1460981281
529703692
1651785887
2056989110
334451443
778913949
1107047815
2042670508
1846130491
1478831702
1705695672
799148313
1252007112
547128613
1864818155
1428313963
2105609826
432374473
438942794
1868753073
1071252027
1392531552
104443183
615433272
