877415396
557462530
1231938664
535382398
679512556
2052116700
677390904
988517336
1524736582
1566991970
1349110422
2005206568
1962046919
1822115396
126815241
688044349
249093012
1254062258
359034062
47229982
979161248
521768784
1398661098
738442567
1332798659
1568306501
380801229
1146795537
2016812916
182251123
1387853732
526477871
890713635
382244801
31828028
315559252
1765445173
874207891
979625358
845742322
164111517
1440310619
1854776299
2143648798
385357076
1028840265
585712581
995987344
1043340020
1466928414
755756823
345253830
205653431
1784950046
897852274
533712711
734182151
1218023460
1096716966
1319047941
1158742145
273001935
1183851529
976980700
94168843
1916744154
2083684455
448636983
1710510542
17797258
2024616582
1024691409
1604760274
676638784
859571796
158288793
81377077
1531075118
1550053551
260380079
1292516616
1352975398
1551002065
330823052
1620085958
1044948366
1287111766
6019646
1152675954
37906800
1181461228
178115792
1275945548
1163210670
162762390
1871677896
1010085167
1876127571
1387622300
828438729
1309866122
1289628676
1184762643
925097049
1055939065
67424405
1973950213
212206525
92644991
1846993080
170055484
673458433
826236258
1352258512
1372648624
518841620
1179526819
1189645027
1532830090
1621328911
1822850841
765916078
196129748
483171222
441502761
336300755
1196490944
332031319
1946464548
665423662
1831527058
428670896
1570644029
1442961477
1325429546
354080365
606617893
541942237
514041138
1188533679
211937093
819183273
1189676512
338962664
2128671128
1322304542
510169448
542664706
246779426
1905254754
492250114
1988048031
2084829968
437826402
899789203
1044900219
1327169389
598706179
1570508283
541859310
796325247
396730992
1957146618
267837326
1376051388
1671443090
450066623
1191879666
32942444
1337594270
1060907535
1771394193
586233820
584283591
897963278
308672200
1374603580
1076096789
599862189
512594426
2101049366
1557536590
739524273
1647121874
1574408811
1949941520
523031132
1407984292
1735063404
1276092928
1450906554
51426801
422467282
1773964317
169220233
1282268425
627231706
2146093614
311964614
1952427979
1270738401
1601150810
2147483647
703395208
1698173079
1296611798
2126636859
487257606
915148259
324468920
1667668276
2114328736
1578341203
1832856811
1830514316
1851397002
1730186558
1672331067
68644451
99519795
1076095353
1027802512
984889714
1993945539
1669041074
918880568
2134034164
328490692
1346694508
1996496989
706659890
1344906973
1856996247
52223126
1037192874
1883344824
1503765451
1564438680
1238116571
511577093
1337213729
1244133133
1898289584
1931170712
1127581870
1180460157
1259944582
145415086
1101516189
1430974057
500893660
402018637
246564072
468357495
2140827798
601135049
106046643
97028295
1376374766
421064034
1374604101
1514973283
1993563127
1172600843
2036398499
225160448
1436168911
1755618374
1537531339
1377677779
1864814689
235708458
2087732874
1860182550
1204344532
1686060167
669121274
1752011337
2037166996
851762720
563400604
835393820
1929530107
1102412054
271627022
1374803575
1329231003
1221128294
465407081
1205107660
720613931
1919890313
1059022137
1215022981
1888168715
1052857402
836827417
888276381
1196267125
867104340
1583965419
10798923
638869058
895458265
998985650
644162520
1079370838
2117431055
984057612
847377553
36992170
735530180
184723791
1090297305
419827188
1208086707
789387070
1406146390
1795672821
750536191
450234215
273352011
487741023
1510538716
391525661
965268742
483488608
1064283725
1514947854
631434864
131548367
2010766087
1168939392
712125634
1820630258
1583639157
231206956
516550743
1808416746
889989333
233292969
152648604
1591452347
312744832
1708460745
2037607715
682250492
376342086
1596821196
441010391
1762247447
421373175
825603139
1236542026
1766723390
51329791
546844356
272636458
1689550571
510016297
1675803284
515866835
9155345
324528516
354850269
1778421758
1770103012
699791715
378868622
442486166
257446210
2056604029
1859928527
1631881643
1529277629
1074331701
537738784
2092566912
618348102
425978357
1888841997
279908798
193492599
476978099
2062388112
655270348
64133500
1033567126
162840579
788517430
1427284383
313258417
1352421568
1564993610
1732640879
778969837
913256023
858312898
169658509
897622245
2081347158
1873882894
1842395233
728911005
1025784640
1049830886
1012521802
1519140039
848335641
904800012
414551122
351002320
929131810
1788291535
1823073256
171865333
100587591
1119708790
1798567756
1454088926
1840959513
1650219188
1214074650
74506852
197148515
391001914
723385463
383795827
1298223723
1274876519
1282578350
720957963
1069970119
1679944731
901254248
259406176
1769662168
90454697
257150750
203006754
183086824
455174378
642615388
1748973527
1395448284
4916590
1013456188
529976675
1480272790
356741838
1159359867
1061915818
1881378537
84675357
1462032132
101904204
2051239225
303351933
1963403287
1622054799
182232495
380413133
1189825046
109085787
1791065623
1888682624
1230212844
1023886174
462980950
1033736329
698362650
1435493200
1293946763
501955442
317589088
1615169616
1618500544
1305730445
1535749380
1730323565
225805133
1473085505
265538497
4585026
1189963465
1341857926
128008271
569216953
2072239278
86378603
1970759819
888948464
1748946312
211939284
1814428228
1234309944
1523423706
288175682
1372212641
168163385
1854587790
1398908875
1272751154
1402487092
242513174
1642028840
891721361
1537076833
524820515
1998747373
1158312629
533878391
1228344833
873290707
1106638035
1460280906
65887117
465351217
2077713648
886229134
2139257556
1549197450
496157448
482464768
1861269672
1923052843
567049264
1807014015
370833240
238059825
777927944
1393085856
1726555853
762140532
1039616653
223788555
962542180
359052276
2068601073
1652721276
1200381937
1885221215
1445184440
676999362
1057164188
1366339814
2109894179
38321380
1745135445
629550380
1101398067
1420892681
67567605
1914604123
1044490844
902837129
1854220787
591009105
156973512
1372654872
364361663
429229048
293136196
1613503422
141802430
215771316
170715851
1436226030
816689123
527575797
714243501
972851130
781516006
1512093420
480286044
1083637469
1351514916
645740121
363938003
1633739988
2082465555
843465859
123810468
1802196262
1086579552
1770270529
844734876
1835498949
926794407
401274678
1934576148
1973069709
268301006
1158078746
539228631
1150485737
354124799
1966574130
2084876459
363825301
1307895104
680169954
515178366
1882138237
55677104
1866861145
1381560366
1730150596
343933280
1132724842
614031349
1145905890
1409739979
46373499
739464816
307334373
179722740
1860777622
1732346698
1986097368
299159579
1257144221
177712265
1866900545
1382971163
94111130
955938677
580609987
2081399651
1999729972
91919904
1805567716
638707702
318665278
6357911
1244656105
1002071458
1522354538
2089457828
145888222
1448720866
2015480603
527164220
49301170
1158248784
748798296
712690316
917596030
1428741571
1696699100
1724524955
1655024870
284809632
2114372938
603728539
634651032
207187256
1163604093
754109650
650855666
1713485758
524735742
1400020768
1589359552
1693572579
39020431
1323456812
861854499
1199538192
600556516
2048040239
257464205
483859007
1245354097
1126419548
1101119976
1403799415
1873722718
735344619
2041924822
1454408418
1411434648
2120325896
2042803219
1719050380
960270593
474634174
1446297591
827512762
1829401287
861655202
948551448
713742565
731858642
1728436636
1122662413
698812754
1849106263
1992325489
1816081741
2020449871
1594751882
1188714054
97938741
329380364
369804400
33752842
1109829672
1672350739
637797586
1810420098
2012046979
344061797
439021134
921698034
1342630532
785653811
1042308487
1359122789
1660346818
975672118
713076604
542753690
2069371611
170956971
1181637110
361717131
1953070766
285066478
32528667
2061207450
433108364
22231218
1945674784
2042914395
596572219
1938254555
179829532
1397713144
623554326
1317828088
1487372279
664327237
156803410
1011254112
159755393
2134160481
1578735195
1937739240
797661087
1938095877
745368412
72504894
863411104
501436524
1619705566
1902772965
81039277
884559071
739931272
781288909
139454047
1879658856
1969779460
1264943502
920232811
1025096162
15670786
690817089
1130510968
630174172
1547251286
545861115
950831378
1441466151
971876925
208734439
849952182
1218657090
1494474685
594499839
769678861
1992200721
827941674
267432295
1154989622
658410446
159527876
4496742
1782602556
818533261
1634008833
1466623768
1075990658
2072601775
1372720438
246001381
391713070
24545105
2024626298
1879808381
359814173
1513461145
1504334314
1414218598
1476234182
1924425506
191933556
101804793
601366264
341311416
74144510
91076294
1074362478
1528502268
1857850148
1546519553
1320191279
1481207331
271383017
705581521
1872679652
849386986
1287095384
13413117
214735704
525381096
1120223453
235741330
8462757
578605361
388660012
1535256155
1461529365
1059474563
1463013469
1092622691
2119490839
122643023
2093853490
1818784777
83642446
1536996712
1704460916
1328933305
72372935
65137735
1437883258
1938572364
726586179
2009661177
1991914187
285375742
30134195
1913665958
1801172299
1337705522
552702932
834333760
787429932
2075389741
1070090404
1248407857
1061135020
1516472345
1889445273
828769891
1407998436
1202800730
1788558979
996617527
638642682
65216498
1452279312
1877865977
1295214856
1464704446
2043005567
1678459809
710513179
1755275594
1029540716
193184326
319761495
1587253324
683154150
748739104
351306296
906750404
514431725
117016888
24496883
711110830
314936262
1590095278
1567131643
210651232
1323907371
1200286375
1438251167
1132723334
74808396
244052433
1149363664
1789202104
495313483
110074772
1189029889
1123599285
402811363
2062440406
325544231
2129119807
2143955526
1798644075
1995031776
1481700754
696800517
514768408
715131056
2081744258
2049582377
117224770
228882022
2083903024
1585671519
2063648568
532548253
1543663976
2090374991
710561562
57895262
336993179
1868563981
1783077220
552907491
1676072564
1807347112
1970395419
2096013942
1807774488
419221985
27985298
836598136
906915327
434503158
730827481
370956414
1565617770
387999643
888297155
349554838
1253245824
626442
647523475
507795111
1199167753
1208159793
280086850
1484669686
1263156678
395880714
1380975216
192243397
230847850
472764681
1937222117
151294486
20967481
1273146798
1441800130
1458946957
1309811260
1024449594
927341896
1895873651
1387353118
305739902
87024196
33002199
979068839
1607147726
960925462
634323919
626928082
1434109717
1484182877
873097180
485911692
148455683
507758914
1332693867
1906622988
45230433
110706013
987942264
2043433929
407487620
387429191
873662029
1425927965
698071520
1763347133
758175849
2115567988
1299879092
1088010605
195210619
219012656
1291935203
378729825
274645389
69748765
206291171
154852357
2141437502
1912526988
738086350
360005590
590383144
1477672462
217025174
1075603113
540768
1216015566
2119935318
873570965
1432198171
639924876
1117239747
873353087
1032901741
423198770
1398193089
1901256512
2120060973
186841876
744569106
1610759797
646597109
632670153
2067940393
1951562722
331404358
577859744
1862203933
1293958275
852475336
256059841
563295673
1468081713
1905162158
629028066
80028080
1548356334
538591288
1465157282
2114616301
113262285
1027601234
1001269126
81099785
796533377
2009531226
90925709
1221357270
510233728
101972991
2038805361
2035169560
1674271443
1398608197
2026120829
1716982611
467801981
59858084
1098202118
2004611264
966146437
1429965392
963891591
224928601
1190472866
892524692
1078850141
741338899
682682755
717783066
109203174
1872249482
1737074274
1145649013
1628679861
850606223
227604781
1672444861
1815534345
963430859
740558049
1472918606
660798222
282522049
128404094
1532604192
1382984489
467262270
5677029
1639447144
793719539
1788114890
126752611
640218718
1372250321
1704057913
1766168030
1494696218
1858553137
1086755937
1597464986
973160088
1282254691
1091190757
371495849
1295687386
661368337
208988720
833549805
442819628
364631389
1070378878
921597899
1301990275
1547758742
1210540308
702612334
98998527
1673098646
1227684496
280370613
98134672
113467322
2133264796
983004260
481882654
1050510207
1626808773
1227413956
954062706
316910417
2011815158
490234638
2069173939
2017163322
1145551332
1053924535
1679061768
1719517822
285353205
1549645620
1095773525
2089801355
1294027863
663158446
1452258196
1679568298
249160492
15983426
1425712222
861648993
637969891
444464113
1964722314
998454377
1248629154
1831210539
230933740
1306896455
74309855
248300531
1645569599
1939127946
1405026062
1145592495
503154973
1155095200
141673845
829043854
1123139626
1659527508
81949542
287788908
1057182119
1833493468
1116177998
1811545940
1524107286
533425402
1764201071
147971890
321934524
