507747401
684747750
917000336
812445444
1268425697
558372978
1869452390
452345962
1353617555
643213769
1330578622
1701910523
638733782
1363259042
574310589
1162660741
1105944357
161806060
2032520852
1825293954
1424204697
1300892714
301722112
727530543
1368885867
183641439
665132625
762948051
190371079
790505509
1027194646
536214303
2040340681
1876191454
91926887
836850353
1500058198
1374485505
1362606031
1711249587
1945935002
1122536086
746476243
1219695008
663911769
1180875709
1908531235
1254711079
197962100
1928357223
1414414941
289697064
688456379
1300944424
1524693880
2080238811
737497449
2049747493
618218451
957095952
1391401792
1088011787
1991133146
322492048
1353421378
1326640082
233002578
1791467427
686650633
2010084848
740583747
928403883
1012030147
44102630
959583103
401811950
85886158
1925443911
174750930
1035331185
1611001836
1471045255
1437447880
1365072895
1793261347
1263414216
112612373
1674127945
1270266420
1237155536
375639205
1405046823
1909733813
668407324
1233311809
191332861
827882189
1760332558
1358465498
1096959032
1739158668
822691137
41391478
1518332920
306899173
600314109
733203124
972801992
1837435721
1290693318
1761504765
954323592
230733536
249541135
1140243017
503935596
247369318
749442316
1914992011
1693836829
2055864225
1964910501
579281339
1259676157
484361338
116209542
1526920318
979369864
2118589375
2063961939
868048755
40550614
2116195188
708049657
1905103644
1268976188
799596242
1645281056
1312949863
1944622098
293196253
1733514684
71478488
436205200
16989349
10248643
464004438
313725394
1419182105
764603385
333106063
82359018
873944706
1305713382
1926313480
1773485941
373615012
251901930
1219775172
2088776534
1872359532
1883894631
1688712336
435591134
819408469
1153038876
1213735657
415265053
983256670
284872082
1616731787
82803122
237679520
800911790
1444207768
1895794605
563444110
1268031847
1828330081
1629822358
273350094
1016945810
743222227
1840040327
478539182
1880047833
44598913
393614452
1735487812
2093203403
850637641
1346298763
1964486183
1756259341
248328358
1268796854
1605598148
967276461
542863250
1399588670
1736622941
2058452375
580220182
1521067401
1179952548
994021408
923290223
266673412
140910576
1058133696
877331934
1710488348
810650394
1948148957
401495565
1072496229
1163467651
1080079936
1540092530
1982848145
17288640
1035129792
767407731
972518605
1208708768
971772975
226626210
387638439
1735656394
1075838852
699243846
2119391684
1063075301
1739553947
2626508
964086832
45877419
306088002
1658660803
1025951939
385270437
218958704
1293469215
1230913440
1940321928
1307681429
83466538
517372119
330764332
1880115213
1332872968
1532719402
1333536549
248771502
679890661
153747693
1393793280
1037132160
360124093
1366707974
785239324
187322764
1173494727
1851732500
208346146
317436621
1624782719
217792940
1359312162
433474372
1061473103
1324775871
139524683
203984679
2112713945
142832151
1678208839
175733049
474074339
1498500096
1568011057
1184847413
1318089440
1038587907
887234612
1243256164
1400702743
2086376910
1920158401
2108411982
1843617138
669405231
1478376044
1740462989
1837028069
1352218431
123557476
3920572
1324437369
2137455260
904191885
696136079
1974738676
1829799374
564294204
102050813
682977831
140648651
1473292686
65181591
126335700
329963157
542858853
13948924
1723175993
1519936513
1541315584
1781489765
1419889214
449056916
2127692854
1535671388
771612982
241234822
160693583
397783434
1139433557
398608104
1587782527
920857773
1391042735
368610017
873338880
522701736
1066156777
279862036
1518561227
254703284
1556551038
1339684893
1431364594
1042717365
1926550960
1625728827
1581409693
1547220647
1761793289
113846792
617191327
676924983
393096588
119844962
1348599732
581022574
1747439229
542754414
1419387225
914241928
68176842
1093591219
1024832584
419857123
1268840981
718948449
518162575
587938835
1969652063
732907957
1782141516
1923986962
1271509074
1336714868
1574778631
1057354133
75889194
315125396
1197512364
343199097
1920575810
1731559674
256059939
1324182108
1827827767
975246942
214249870
1876948297
249144251
128637004
1561136158
144780171
651036408
557852227
259535763
2068646306
602780830
1747667712
323368270
2019047252
1886473867
724665301
1490805524
1030415066
1138900502
1436998706
1279694177
1675156795
759721720
378339141
1795881318
624290231
516460248
1061306814
306742434
406999641
2121431922
1561871787
1265780760
1859842991
1410345315
201177731
1055882546
1742279062
742387091
1616698174
1887553074
553740079
1386853183
2072538273
2129968209
2053571566
1582123170
984292760
117048694
1025353681
1147178047
1212763067
298765204
1944088749
982967502
572739059
788205472
277662371
630721984
415663926
583594542
1511962034
1384309361
92119917
1352248231
727356007
1127838186
179601527
1923059241
195151791
1199457615
1751803207
2069891835
1555215309
1698652907
1108691241
1985369515
107575910
1198143446
126029090
1807670983
874406329
1827418689
1794222452
295534644
790073581
1807119966
1910862144
1293145390
1775182211
576174062
72658502
683333596
1034655211
614851176
280098504
512392847
928507698
1436670403
391298958
1871426199
1850309592
752500193
46517250
1153211074
357923264
1421261464
755318395
416600946
295437632
132386397
1160391319
1234619994
27729752
120689039
1787014081
1521824725
428078336
1228122206
1456579026
396804066
1694011802
45559862
1074546916
1805385025
1544702202
1713257451
317033748
1437050675
1099871341
1833684004
1846956832
1603898215
697695786
687799606
1763451041
1300193036
1469102015
39885603
2049761138
148415322
1258230340
1239067588
953576846
2049176787
726251025
1961243026
1238632727
2141180955
1094919055
1958088976
967260787
907600497
1304760108
384475865
1266286225
1912941513
2061126248
1416109121
355078986
1028372616
1511844877
564304043
1010395106
1116815579
1618577787
2044013927
2145244077
223771572
142832417
1078334021
1789547726
1413620579
1041434120
512788667
1684945179
1077438925
656819337
1972226990
1191883548
1224947275
1343031327
1786835424
222657843
1122641697
787299927
1077824759
1898400981
625930393
1774240484
1522888486
2053044214
819090363
154503375
600678778
948850307
223315628
1534190795
313996483
2004077065
1488947361
1053420198
1859172125
733238643
628325246
1930424284
1048950810
280661744
2142027023
796484934
1098737038
1591018995
168499681
741497328
1099557622
848500564
1496650686
483203223
1932402053
58206612
1327748548
1625322737
822976205
311896894
1698435105
1098805623
108281862
1034179944
192320877
232136477
384045055
1990808665
1844392868
1651415443
1608916382
1541937220
2080648788
489243850
410852286
193016937
1546636238
79083587
830441175
134260870
916705777
217001432
535204035
1793850256
1430765775
37102960
935085125
81029300
403786747
1607297326
175944419
1802796868
2087436046
168574666
457938883
442879221
791969716
1919228279
1790961867
348385526
201223562
611229109
1539972603
1305407006
896556769
405925032
1849655462
602868556
1403961090
1343614870
457742518
582874962
1831610753
2022719257
881112861
1704199749
1365907853
1854470861
1581578212
1938024460
1975909657
32261754
469859823
1401150552
965779611
1732719232
1923776515
1856492467
2120464971
1994193168
1950473765
849655518
156146323
601713745
756646394
1000344805
700859220
1701059394
650360483
557589373
712156574
1455994342
510311950
372972421
179290380
683426461
801124569
407829423
1950031546
1125848719
1169306334
1437403960
1163117029
547922753
44770911
1641862867
127551517
1256803145
562112463
1864327588
14717737
908038174
1896168507
1137779815
1752430199
1328876297
1794554963
191995057
2128773694
606913336
446572057
1403342415
1466672690
717460209
1880825637
1655912651
1926628835
423390692
103027090
617407245
921172147
1310816921
489844105
2013282077
1239273330
975180040
528300392
1311033350
361798040
708104263
760494734
478763990
1009894430
155065694
738762950
817787843
472615929
31358262
1463074381
1353743464
1065082420
830299056
1266873985
2088775724
341761960
1783362003
464301353
776140227
1123546715
899489053
1458348123
624125134
159108723
884611578
539801358
2130326174
63665365
164311890
1567485500
1421469974
605569375
864721213
938061491
2123098542
1101654718
644395218
567702905
1698913940
1423687148
1202474781
1798199514
129162221
695964489
806252846
1374983184
276534073
713341781
1652040526
1826612109
263789268
1834663176
1644325197
1000479719
1187703704
1254842318
725817847
48366944
1546442400
920460066
2104410021
33760785
199349544
452552829
1925238053
821904193
913179951
1209905827
305418627
508588917
579592697
1596015247
1401284900
922998552
1999629175
1022391484
90467386
74970643
173116751
922350352
801915352
2011243538
813204461
1463581697
387881666
1872508908
542126241
720393080
1234716509
1310134186
2139147746
1221437988
1630714565
536415030
14181814
338802169
1221651709
1429019124
1769888838
1233226041
2040602537
1401970181
1199331062
1614307655
855930819
877013706
632000800
255624265
1443047407
982114231
921240839
933919888
651373882
86316230
834063216
1994721132
866202148
1858493912
1517718472
1569546155
1135206544
41982659
1958710373
1016821167
820584660
1588264444
863388901
2068008747
440203249
326276066
545748147
1403938938
381867740
309376165
973529000
937660828
2140228859
1176922833
51507917
1092968653
1742548907
838039675
1029223231
1781986500
205023486
631260422
682850604
1241014405
1225375618
494706066
1590827257
1665645283
1639975228
1711919619
1241070726
1453943702
2058902452
1053120681
1359793566
2039082996
1047915306
59884177
619870743
261419344
751004390
1282763252
1992278853
990152887
687071044
1935796707
508402658
1905893999
2100795824
1975271382
711646224
1208527032
1574684819
15045620
1349955024
995120988
1744135681
46706118
2068263903
1050125278
1105780555
1642922947
1249190780
1431994634
1445837196
456587638
801634375
561054264
2071375203
1207277134
58606661
2073245725
37391291
1817747202
1629732352
1317519693
1506631109
619617183
2094976716
2010163281
1434341895
536409135
918127396
470403424
2074486926
1440542215
1384505138
988125630
1985671231
626717614
1572583789
1785252526
1790510924
1495413093
690904413
542302741
1837002946
1533882456
1826248826
858358445
2033496382
1916058207
1282405170
2076032482
2088142016
768667761
1103427594
1876846925
38221553
1890878855
791535650
614535676
560535899
1661388149
903289656
744933244
806448265
135502024
2131326975
1154001453
718834615
916647573
1543069230
1025396828
2058281759
182862597
307252996
1690893326
689416468
509057023
1855205509
1323329467
894719854
134223107
503284097
665542750
39840789
1629892084
1573034245
1310308746
1975848703
1509820140
671763958
1433620719
444437395
552355888
420422020
789290641
1631521503
1165689068
2107565480
1112434203
1345397484
1580984611
1801652685
215999453
1535207724
494704688
1842597771
644386660
99844624
389241335
38455694
650915253
2049705910
1913384110
254486165
2005765413
98918848
1751519554
331115159
1570497752
446761024
1762424935
540825600
1968992724
551338959
151598655
972483352
387091393
578460861
1357219494
704604549
661785407
134433634
712330264
2090051559
852196324
1037441939
1168855871
325240737
1853830097
123098416
1366951197
1745014456
735841008
903175131
1242878419
1106549715
316672972
1618597827
849427980
583784546
1176311820
81222046
841686281
864594652
417929869
577702837
1092493641
571149088
1033961755
487137817
775916663
820230909
348084172
2078268403
2059760164
1959068877
1518010362
1762658297
693467825
1368752700
1026563291
718282237
168558616
399068454
178057151
1705910175
114073319
88743070
379452901
1436914211
430457351
1643966476
925923833
1315046237
398010822
922487406
1018661678
1184345033
739514753
1527127999
1919986676
908255159
327781087
1862108561
18374396
1572593987
1620593655
1130804457
380296006
677053236
1593240367
332645061
316340886
1524179167
1001013939
2032908704
2018744486
953091040
740916571
118763237
713396197
292945207
976235806
1782581786
728960744
1451157044
1664818708
795368473
299928463
290127501
1843073061
2131503224
1799589301
1328765330
911286612
1807753994
668019603
1449438327
2065388194
1025868671
1561440690
1310748624
903098784
816787750
301764746
1410426396
1269780628
625912019
376916412
1139849592
596432711
1008082652
683914985
404357749
683218538
1945337661
1637196845
201304579
764520354
973082075
684546108
1775646860
1729643575
1150978278
684999703
979649565
177478740
1237176151
116569194
1238224831
191174908
1323576729
1061748357
1905069540
901321354
1248301636
688145141
1001887741
965322210
1305545988
1519288254
1431194920
1086976570
839784856
588140374
1862318554
1596281842
562143155
533675693
49861582
995630815
328477661
114313331
960363304
410830238
1578709110
