475106448
206211121
1041864719
165269395
900643459
651740535
883223076
1073157068
2021965138
379181313
350152588
765575753
762967335
971532934
1701278362
1938263080
510143072
1200949206
2119311215
2064281208
1387997839
2115422897
1188474318
829373601
408220571
717898306
1498811914
1267345264
2123247363
1421556283
471696160
638085827
206823235
1130731918
152605665
1627319245
911163727
1109603013
733715784
1004024327
882050108
4194302
1308358634
230212788
1486428414
2039211143
2017968779
1016567567
1452178508
1532538386
339641292
1396231442
69106848
667201429
1200420098
1049871077
1766137434
815656897
115435555
1251074274
1967677444
1102021916
227760858
1394763329
1827815600
260725181
611313850
972551269
1805748862
762589347
306572942
1703363778
1826980666
1455122099
1181208783
1068176233
1614333218
1121683789
1837496111
1749542961
1043440069
1212578954
52703058
1930102916
1916965126
1491569427
1050495132
1368030147
1275809344
2033277345
223042341
1228975191
1868785027
1683838988
1361071049
2109525845
617681661
101902866
853622621
1804197069
1093367413
211165607
846253820
1516274351
13974768
1384219891
1631514495
30743643
1366098550
294386157
271752715
964253892
639815150
1217630610
441484227
1023007039
590752038
1740082369
287498910
1622848238
1519810287
290952374
312098132
679107779
1851214181
200524065
920865907
1311847475
130325069
382248418
1051062926
2086429306
2139023255
1128022628
946471316
1187351684
1246057986
1264864403
1771684670
1279612799
1997806558
1069281659
703026850
295005179
1612682733
858178942
98112741
161956282
1025017955
2118139442
806506254
1170185754
1210854925
2102570965
1135662837
1533759260
544921486
482764909
1777132890
1189104912
1718222020
638132865
422579985
1311182047
476234312
1819781485
758192987
1998220532
660346132
307702118
1231924561
1418282696
639606336
386483467
649581177
1143688970
1722478821
1761454755
547137659
2018217575
847410210
1494582009
1766484973
128277755
1264692029
232305617
91185739
2023058004
1368169953
279089158
1919955202
957283358
624694371
1381408875
1023345428
898824050
223926970
1602229907
1924227094
477135996
210124193
485053500
1532647577
289984963
1602231953
1595279809
2065231447
521435456
1931357479
818468036
1926038598
1564226444
1649210148
78588167
1316314993
536075595
1029987982
682405098
1574150885
696265013
1879149555
2466689
1030150337
211888322
1206104781
1388813905
1426340465
1100248433
338179585
63525032
417270260
1464100022
1186986626
370015894
1019965016
1843810430
1782072850
1638310283
1293247816
908107360
1980991529
1852996750
2072247228
1081200481
1880264430
2143451672
1798447054
513573476
1460980322
1904102795
1575583149
1626403628
1287544732
637530706
1723922858
705372176
2013064751
877249174
1862760816
228941882
1341131175
1778712473
2099039825
1024578715
717785394
662324659
1273344699
980008303
386002780
1393755623
1915022537
690511464
420170739
227196706
1649592309
1616362362
1344870921
963137807
112015340
307238978
1362082840
323183257
894310010
753910803
80631872
1650423294
1245318820
700406943
1000076971
1239803021
816965333
1347375423
672457745
1814141948
716766256
1222512863
1549040215
1311971176
1222566148
782429321
1589088595
1096855017
1778856029
646994060
1607858603
1192161489
441043127
832624201
293962715
120484738
1781972942
1131180185
805254484
438826729
2011988369
1668895966
1541893570
1151701659
245607477
1075360421
805559910
1017582986
1455119205
1565109237
1274434978
1706653795
1091155094
464437303
1149337748
1636621192
1197450873
1740553153
835511513
807545509
2129390986
1453381121
1995404403
1996562417
915967942
1966360642
1742486981
1257832707
750723449
691947294
1371724219
1736052558
2009285941
1497229441
237853190
389760571
1231550686
1670651989
79665541
1799332066
741040611
1378262479
647491775
1225245028
2109598343
654766934
1997500557
1651536871
1826923101
496243467
1477960917
1997285167
1759769554
2023934457
651690353
793580758
873390308
1780122586
1535785773
792163112
1936201969
767443332
338226927
1546562205
1569020330
70142959
876255474
224798963
1614458150
1798163939
2000354858
3017704
907687699
494935618
1523206604
1381858705
1135502087
1508123887
672743654
1361067098
1939826165
40952922
1763298857
252340379
2110923962
1383911850
1743603655
556618194
387822039
2045396357
570290551
563715459
1318433850
332263295
709319830
702988713
633022773
1753798172
1604937831
2141023447
390730640
524160388
249283707
2120357360
1408354745
547679938
131331884
437685631
1580119322
272316856
1917717059
1232931508
836203651
224865187
482877369
232050172
769422278
852505671
1455640731
487592764
509094498
531993527
1587566598
1279569321
1937724247
1073007299
1662299218
175392582
1113821209
275146750
807192652
1985928699
200280223
2094422890
1503299227
73513039
338606746
734370499
379228483
1158589378
1088309699
83198053
766117704
634072778
1707819853
1863970522
886413930
268718184
207414906
1167450884
1224574735
1761365861
1232381002
1232518883
205383743
1300769582
306227277
597505796
543230409
501164105
555015322
1304915079
550075010
1132716659
1541602008
1805540811
1763426477
99493464
2107726969
346126264
1330360950
328625390
66673671
107852200
380605593
1744269935
101792150
1896496626
1048264992
1369965297
626168922
2067495189
1118287945
762754723
1959635793
1945985406
1324326277
1846736806
141211424
181502454
1045381789
787106694
1436405500
119593131
1316946672
1779858003
954657471
640738522
1346949335
1009306976
221164571
666084629
2005268265
250101655
1563031786
762114102
102772954
693901687
1450750115
2137273056
1824610494
895095468
1599252201
1111505838
202314604
954643274
1231224125
1096507388
1854141757
363351717
806671828
209249102
726517364
504926671
690395524
1315515232
1982900087
346439599
687762136
351857354
1634268988
205018298
672233538
870321232
956431807
354249809
1423507312
1453836484
2033548463
1359339959
23786423
491516312
1263036457
2043987629
704207276
1397889540
672868763
1501260204
1096452562
1238493392
963112651
1045743039
191736941
1561623743
1888462576
858904058
1305600117
44395928
1811836926
1511876250
857448358
1536070610
1824151039
611163579
1117458868
1889558747
280716957
61019568
2013208732
515584517
519294053
1243133106
281769899
1780364620
1355488966
51902429
69306530
631030001
1997737721
47429449
1349639995
593503680
218629498
806872244
348182932
492420971
777556256
1867045041
1177567142
551377610
865221347
1976682560
1772597722
2034726268
189305790
513194505
1210330805
68098273
346816175
1803441461
590676398
236990755
1054595292
651396074
939494688
184547743
1310179791
2030338913
235438426
1217108323
1462625762
465869733
857223892
1723450085
910183606
1282365674
2147017085
1816837613
374951389
1751105671
631825199
1952376352
1667722648
2086378385
1963443012
1948403755
1916470202
64655638
723814722
331130760
103034539
2003986931
1933867185
220190448
2146808968
1856862290
547142670
46329181
244946024
1136388297
2010425889
1906154323
908833567
671003488
903635266
2113522698
2067010104
1038555217
1222292496
1897326882
1727265605
1382331283
536409113
1065962358
1374694643
1263816649
404541592
1889286490
1308923184
1440530303
840101928
10699616
1386106670
992858114
587477907
1921541063
1211121543
1891979228
170070985
1679583873
884609147
493077226
2057546988
2000543712
1370714196
1184497180
1986537608
918759388
329880554
502432969
225728736
601313283
2071666499
1540170157
727086947
868585981
8304210
1185994112
1398806590
1168520379
2082641888
801101107
2112455947
1403000380
920110216
1773859273
487248039
521979900
696341468
591225808
559486497
520210425
373864870
1143968892
1416328397
23068770
163700041
1635720798
1716681593
1605588959
1708524869
1251205062
1306907831
6208632
823834840
1566415026
1022830169
1580053283
791271874
97726065
506869243
233510380
1264736290
603213528
1107395770
590170819
726467196
1903152416
1117762563
2062736605
2128024540
1235006043
1787897222
1898906206
1254900243
1763285905
1173252168
1150565136
1200893472
231055227
1899963608
1516489094
1465071787
1702860251
1845385881
762019635
21814442
2110536310
2050744382
2085082841
82170406
231818671
1654143317
1914114082
252074776
1587229890
2069295866
44733288
83967085
2097486745
664066476
1787725856
1856636201
2020964942
1341291068
546580451
843167417
789089891
663717111
358942783
149658000
663581445
1082458768
1927155884
2028722117
729363423
1860414305
1340783626
1787290837
165980210
1826589561
1679399055
1102320319
824311949
178451126
77061510
712541666
959293956
1375555698
1394532893
452871429
2105010959
1226758237
1267070669
2109081457
1878340609
1968202342
1851272033
541229881
906542370
1088165843
1492921254
627711386
1732029548
886218609
510983342
628096893
2138348767
1361156837
556074176
1458745369
1308295553
1722509088
183068639
1122924469
102202869
1960653297
2080006901
1122233483
1952706231
633312948
450752413
1955015624
2004318962
1640961064
990157450
685924528
1717217790
1395445087
1090328215
496917471
1496127097
1527588814
1495905899
1749949610
1477769473
1943074948
1630246600
2089889099
2012496939
860094280
1211289295
985448120
390184204
171433311
1500307210
1043963060
392348474
952386923
1729005136
1970147998
807673531
200051650
1118028553
961400974
557121645
397258532
667555104
298288894
1140707843
1422361129
925601677
2074434180
747415912
696378791
351135339
1561264359
1966788694
1818023556
2035120559
977012824
178538358
448351034
1816264928
966103128
1225228818
2018170287
1497326564
326639938
1940481104
1291432933
1432518089
1308622498
1419120495
854450349
188687502
419034171
1949300640
2098543993
355115915
1867297060
2051292543
497633102
1876111997
1604416269
1150346540
718137560
1731433266
343729055
1117332746
371858327
1501208525
853879298
1441637908
1331828909
641452783
1084320909
2119961209
490856684
693551727
775737386
1163644326
17485821
697865089
204460131
1347057112
164059379
169795829
930939087
1697626058
1273150062
313253160
1790582478
1269404244
1972507282
1197945865
1521529798
535867521
332234778
859786185
1251432841
1761776463
658047621
311797279
1930928851
1491229954
962980718
1065602101
1867696623
1708439589
659608313
1211289394
148334456
453571614
1393369449
555091813
152867645
904466797
458121167
687496203
146469182
1558976385
1561371102
1449524669
140659923
1759620663
1562671833
291052921
898794476
1460560178
1147144111
537774144
640652203
1410502156
561866790
158132063
1039581046
340906286
1922278140
694420448
1338254700
859195603
744632936
1759360550
994689312
527965802
1488834764
768799883
635347947
1197189061
743881324
735246380
1914755813
1126048250
333191225
1671980110
1013478160
1929183194
840041931
1932081772
1355505045
1724474891
1863631982
625853662
1550587430
1681460933
282774867
1610826279
172559746
1891594021
2133890280
1936833243
568392215
1330485297
1694757186
1379470379
870338753
1870982505
2063742389
1780470031
1624131505
441477894
1131099526
158299151
1265886569
1360647634
95190968
962810797
1922940387
1821101731
83576322
105218930
1543577553
1000825717
1826128098
1219646356
1855427584
461592611
542245579
1772382528
1506783446
2096431298
772557946
1996345738
1453351930
1262888858
1187779687
1692342172
402387986
2073630914
1802736470
1742999939
1802640551
1196658007
22464524
367956411
1696908838
511365209
1368065055
19011033
698940416
485955362
1418277863
1740099056
1831199472
1020897155
1279226769
570507923
1662882140
1470170492
44409682
1055414814
1911016405
1521484440
1261554871
958277792
2116339641
1801464035
1430539035
1620481124
1164850680
988126089
972081459
730167579
510588915
1497507597
1871201731
410162087
728629376
711383842
974745971
46407814
1499398922
1828661289
81778620
821343719
1758704342
1423317576
443507965
237472272
433222752
452324387
1869675434
1352064052
1271104228
1965804346
1998449315
235604689
2104732664
18696159
74659491
1137000574
1589371734
1245350610
1685244111
514815243
1070534840
1563429499
735556718
601097797
1168349660
1621891523
2122573240
1790563176
897862311
1844988559
734047175
669410594
1940675942
28065241
894480298
873876544
1812759855
759110509
1198066329
1028948215
2098396262
1729530686
772820290
2090609873
950974811
461744739
1144875586
1237117235
1072040721
1000084913
394106287
108010631
1532690458
1984742389
520571858
831438858
2065439133
1727400398
1477562610
113342515
1480977530
625983781
908827723
1786350015
727872132
869936715
171917342
1008719190
1295838701
1924652205
1830650082
30385115
690839744
2131119414
1272737176
608546133
1305262727
1038938177
1346792252
327705717
196279820
1415021882
2064729431
1272262851
997376317
1212717520
130315697
925819241
1083803944
679641816
339146020
623133340
489858086
2123417793
1920993164
1688887203
406995989
1000448432
20681947
2043976581
