1767426005
1578303089
940363700
1754457987
874705043
898775800
1104275033
1738559493
1490496702
849116565
1123989341
1324604139
54813752
222917855
1572528956
1174849439
1290930206
1963786965
1781974882
1769050450
649749530
1219253606
1373878661
1781010509
2129427013
1710540045
95313566
1223499367
831204938
1512819709
2006567885
865470244
2024677983
1265956047
255301285
1313362503
1762050277
52604771
427715157
1927090570
242649382
177288413
1837377978
1692910604
1658450931
1680450453
508181848
2059804210
964412232
1103472255
1978000404
2110358743
1669685917
1866657964
1864013192
1548208545
1105773004
1232842473
1351741446
783424111
610055321
751382917
1507478573
915289582
1363902691
604516401
764194849
782047051
144958822
1441409535
923565162
935029507
1442284330
1750434701
417254507
289095382
836121484
1087251771
943531132
1522237145
226784487
2138733463
1927718823
1207497131
2141435871
611638234
116174588
903710144
1590032202
1926721164
1022049425
642638297
752002235
309387842
560686106
318917268
2050593707
1114785928
1773495072
1043795743
1389440326
1087020761
1018807009
1934741256
981980880
426419659
898923973
1155271472
711267506
1584646216
1612890744
227054559
1968542757
947844342
819170984
1317045745
1619387770
819227576
1894054749
1192077613
1463963907
347840846
591639792
335749558
1259262113
555383576
2044704937
488801946
76601323
1921860856
1059131897
457871240
831862008
739566420
618197328
1822272414
177664970
865002298
1027020444
119665505
995151447
1468213919
412166496
62982086
884036405
529345216
1942567020
36016237
1671597281
1675794090
1081752382
1792879341
303600556
660062164
1164250869
729857354
459740226
1776409322
1753614574
1435647734
1754559704
2048495269
1684199677
593371208
1977737969
1858358997
287446346
933216457
1923757006
1141974400
1534683589
1342911402
1823351152
991800357
1830094151
89397011
511905355
262280985
325746247
871371235
1723996553
1668240659
479398197
952947716
224914935
131622083
694975094
798788057
1127372176
2052072092
1853763069
1247335636
1380924324
1167519923
1503039107
1380678437
822175653
1340586687
979867234
1668096141
1620695694
1590294592
70534164
1717402193
434723057
1923509949
1132895298
817729609
1119636379
555128357
1820685196
913030423
1454096613
1497538903
108714453
1495940981
187758746
933252285
990880071
448024232
1209369728
908375315
1498290922
1146274833
11577221
1973262406
222675676
901811170
1216560520
1888125559
1590375982
79703790
1229854144
496273694
1877699675
1648813976
911428045
533419596
2078199398
1723257837
1320270681
1060660745
154690959
862516942
408060523
692418523
1062665137
1440799302
1079162440
738285160
1935779643
193905914
298883846
1235105587
32955593
19043518
1999232430
213324930
1473036382
893415492
78194957
1578992480
1853034560
1560912367
284949783
1346873278
1053991792
343870918
1546539769
856557749
512497093
1650971780
1610102714
2120427239
1066851236
1983763915
209856396
1881855747
203134814
667607929
1174901685
1853194855
1192765990
918329363
1451990293
1950584799
982096557
966910559
1103801683
2109167243
222268252
1856272398
1498691752
224402655
918460974
1577157013
1440911944
489604549
38970407
300413212
1715166568
2060250589
1497859700
1041766031
163693808
1922652900
114202400
1787241171
1846297535
177782578
402698097
1082289171
232941461
1297609565
458244573
477717816
832805026
1814882299
708613548
886200951
199135144
1519759749
1708057131
1729963268
695321807
2110337112
1274782602
1236805604
1569177861
1375925973
1829643091
598673376
1405541391
1791766439
174706311
610250901
1287295281
1184720420
1120703319
258562217
1249195126
1691431629
896999548
1353864984
407597725
1562242544
13860915
1124907948
620209568
432843373
1476405464
659471499
1225369570
1673910933
2091728158
1353919210
1156083700
1164976430
1906005481
791101663
1685413635
627306643
1768345544
1542339157
926272482
1547614712
448804370
1842891545
1097200816
1401589452
1180829084
525444113
1428234534
1390097975
1033740564
182933899
763191167
168810690
1977413885
900406451
1152771588
1815643158
596887879
524016159
816930229
867865040
1153514047
1095048978
1628469693
1474749345
1832482041
929930165
193318695
1502752682
2144900445
209500284
1127602033
1424313326
588188900
1459558431
1244631830
1990773913
213949877
717226457
2018571994
1911556230
637145604
584797888
62432179
2071503835
847564548
471308854
1707799380
290251471
775314826
1584777080
1038549847
1620649612
325165632
1969360467
2143881477
1191777839
741416834
725868791
1373755333
1988564461
529349336
1114447076
742401056
704695887
1730617361
1740511489
564571501
33400221
1324383224
2044412619
582162462
1820339545
1750198454
1806310570
1227612837
1928963554
1484096963
85364576
608730884
858184250
244897162
1727963290
346897136
1319089633
1831901849
95535273
1350910113
1826035424
1348144770
567411018
1480563257
1381924321
558394449
1824040865
932757966
513367675
1854367913
1491381061
1265166358
1757802892
606261629
663802996
466074542
712870848
769077096
1937263463
1176050439
1051499054
888857258
422283969
404929261
279086881
278975936
1413793569
721513397
559671539
1621458847
1298791894
458573571
95255829
89624460
276561074
1843834933
1285329196
149503131
1337251063
1375383920
2048498774
191681218
1693272943
2066472773
1906043531
2104407960
1290270616
1015385343
1374247966
1911079088
1383719931
1349630859
96688993
166614412
735289757
1097256196
341985896
145651520
1613422735
1422436059
1387973350
1289775013
246661024
348228768
1201431093
1728137782
442115379
1905368431
1324292977
1838463114
991859499
1268284921
2077092291
1199563886
58656770
332093742
2014686396
1614184862
889954041
1627521412
1046272215
1802129696
1280295274
405314791
1061545505
1373751358
1823726393
1485825341
1155450612
2091379998
1309189225
854370197
274843871
378479359
908865995
28822507
475029921
2141339666
1791631056
657117082
480676436
104523507
1555776128
749288543
149777063
329891266
622756228
396772869
1381905988
508345570
51081053
1637767347
120733264
37318478
1893241015
1714356686
1372281104
2011471507
611987672
1616133516
112189865
1930331246
1956371507
1962464022
965194240
861027330
1927655961
1442318681
58431680
78171318
746577807
805936746
1387195769
1553713321
2004464954
1416989587
321062118
107550931
459205239
192659455
2001626951
77148345
1276952455
649370621
1311623917
589464524
2038550759
502372084
62059732
1439217247
1983811006
569514468
928366954
1888724035
343499632
758593684
1028503406
1268905730
1659424848
218207070
1572775668
299673012
1561767794
1705986963
1476982405
1724668032
1058221982
585405580
2006343778
1755793843
1838352224
197659470
621150697
1077796470
1717278780
381984473
380026641
844484911
588829438
1096119053
2078088208
954689399
1701039920
1409075258
1619119900
1680723379
989734822
2001572163
429419597
859001425
339037747
2105541229
1611771297
588503713
1025648766
1459880650
2126706970
1195084621
405563374
1820920380
376760066
1359822455
1509830338
1419875880
1208265294
977011054
738964542
522256057
1697668385
1549562891
1142667776
926226126
316953447
761693102
1610138737
732536961
1138734498
1101896657
1908418647
827998293
979944897
2010973765
440606598
1731737851
1873629228
208131345
482293430
672389569
359787229
1933004772
2096531056
2033068440
1660601512
232292147
1132808483
2081814720
1656940187
697896691
1935245395
387719954
1740827008
93151989
1602910961
341667049
886456703
1342002905
228142789
412943534
2136891872
181584816
2055173895
126964479
2041912047
1190954290
2013489678
2071290748
645116920
820664472
1151670304
340512814
690643826
2146537240
1179657576
1290058131
737929016
489696763
1272959237
520549706
902504178
470005340
2056985407
1035287895
1717873298
402812543
1949818068
655018516
325889787
1715054283
583975281
1798791349
167314108
115414117
1469527868
307855478
2143429881
1767570283
509707662
536213603
1071218794
937067210
1001807038
1396101060
939105405
1443179453
426135832
2073037602
1559035543
1945765602
1514722029
1082619898
1750244728
888725754
152131012
298141950
1012066493
1879916861
1218082990
82177282
1757841022
2101654360
2029134263
627190410
1224739095
1756722948
1626250873
1189685741
1140588292
361910084
1061419978
744011813
776920806
5884731
689038997
532327478
333345186
192610983
970295238
1190328633
2003598505
1395613694
1320152415
465082117
1901235794
1667805731
69776040
1152125816
430632547
657219525
1931327875
1535180391
178312366
1328035413
713811677
903668256
2111973336
593161890
627700801
2053331608
1850680885
1492263186
890079366
1644801334
422083279
329319295
312732073
567616315
910319750
609151659
4897205
1195174092
88839505
1806838114
560615646
673616541
18939810
1306232619
960128686
125637692
1301481448
2105551018
1592974423
1129615607
235915310
781411221
1949669927
1577718123
1282757601
757045329
1490784793
930400171
1493268910
1457834792
1050548615
1588538377
50889098
1437947689
943123453
2061032580
1139968203
2037691549
899959082
1578551502
1125596787
279047457
795066352
279303416
730456462
890697573
466442394
1923923132
1491305393
566219903
224522285
1430036839
1001894306
958392557
435861207
37506145
431997974
1898556198
242541444
644927578
1930115733
517235163
1339281040
1226232595
1489478266
882723791
1258603927
875194822
26782742
106769231
311626343
875565619
1126248437
942722896
1926205207
1555034697
308807224
222483493
945234225
1211967597
156217889
397309402
1402656266
1115002473
344327086
269938224
288991795
612577524
54587740
797734964
2142725640
1206812122
1123027980
1485812606
915143014
2023918280
685641475
370524419
1103601785
1350387382
2025074188
1559958424
599475122
21743601
1225319352
184061444
1750705368
205564100
1354637766
227420352
461179702
1349207234
1561257373
2098198861
1426473202
790184115
652890869
1471550770
788845438
1241016089
783980182
199060113
535144743
1105560413
1243083577
120539237
1411653067
1463125403
1129085578
1137111131
155908264
1066457351
219354191
4729929
1381346639
1590523642
499422626
1104118095
1624734135
1714610333
1716505178
1985231497
1842680685
282839344
1862627976
1830692206
2048308713
253483768
1955550749
1022654920
453215229
176988355
846835881
172558160
1005866598
2135637529
160519022
1948663239
1908625803
498595059
129075379
1151305207
140613802
770349525
1844588971
1559927182
1084167013
1078757690
346603849
305568836
2053520614
1956275475
1761621334
1147999754
1173337546
833230431
1641233773
1352162020
1602377709
1234823577
1492815904
1858229854
883389790
78956482
2062561337
2140820652
1872155762
2138879494
1555203098
1870660450
2097486580
1173710350
1214136646
1971028940
859339386
31146209
1512328696
1308494059
1383239635
529528439
1093720817
2034506509
997951388
1556888540
1827346256
191511303
1485421042
1832321533
717815961
710295314
134352705
1451036435
1776873688
1327719232
180396091
1946715305
1876602078
1130669977
1172185829
10910795
396088490
1441838550
22927051
585204941
216512484
2024024249
1928905300
1111124533
1354281090
1815785223
158741296
1683313222
1750680973
1991058467
1456378861
675796906
12941310
990533705
483707049
605384123
679525314
1629610595
712205538
1337063150
1217085149
53736843
567159913
909580252
971587754
500093982
921530741
1878487278
442063681
162667129
2048917972
1331923109
1015202033
983153491
572093757
2045169796
1144164332
1943414711
1260244672
707628876
741634917
512916282
636047080
749840940
1289886578
520756482
990190957
1208864309
257525348
1044827109
1157617102
1467580072
1153920500
382581625
972531077
2074116046
1447420564
648453394
643066693
1876574136
676902495
424810591
1220649581
443716247
473184317
1410931805
1796129567
1966276532
491243615
91409381
724182507
1662714216
2088642783
1502319892
1942175176
437430748
292151956
1239432198
1550402884
632114512
1952334479
1031575348
1886538965
2113947401
545484225
713258855
918264909
1563484885
1481428154
1413666136
1462860140
1631786300
1990930828
1408171751
2057012623
778259525
4733390
1590762995
1452016775
1660961506
405704380
920720092
228819107
2133745913
43697532
539795
12537649
1251791375
292209019
743073882
1866519513
2021465235
601725686
90948381
881068742
1640014789
1697917845
922633837
1643615659
1352408641
56787761
1705949973
1295331639
1391962924
1787078327
1473317723
2132333513
1962070010
1733106468
1361919701
759547203
596527321
1212800688
1552554468
1709974007
1451374013
1271173639
1040710354
1125538495
904252937
1615639474
1504587396
1986880553
1026974935
2093412245
2067175131
962291406
1277044708
1078633617
449256621
182444740
448242459
172417609
193333083
426072105
1100067516
444219650
1148056591
1788323552
1577594409
1381832100
1394067093
1052473176
608187725
1423156189
654085586
997858952
1172023977
762712165
2140599781
412782327
