636225894
457301173
850071705
305181524
1851937051
1604281803
976976087
1807452038
506563151
513048605
2028928753
43396973
118950442
1029522307
2142692675
1014473230
1256879523
1651245090
1124676035
871559505
1301777591
248701469
436554950
1341153796
1561800517
1654578796
2005369451
1358479864
1832752521
920345285
1974661288
1141161545
39409203
247145142
1495796719
345775035
1803449379
1264212948
1444316284
363647808
1301433796
1272335117
423360062
1069560983
1180755970
1764941082
1716350303
1278497038
1087483625
1339229201
853567858
1510084712
1348036059
239606807
2034805048
92041689
1269342574
336439603
1957341455
259758894
418497760
92921917
2069323256
1504606217
2123832631
176196853
1426347843
2138557258
1497453562
271386416
406589657
283620490
904401797
831588652
404021286
1982909377
1457149709
1515280645
226067873
227022087
334594097
399923009
1823804665
1439772280
2138172472
1886758021
153372126
434911792
1280140013
1514877035
2022293352
1628513909
589781268
1446716267
1378209832
2021398004
2134941832
612054518
1375917258
736676388
720355314
236529313
1199468387
689377735
908381224
995959166
563818845
753950095
1951087904
1422002823
145930748
1325841629
2001328271
548060468
307688332
1143448740
453536802
169505580
1378990377
2126578284
1633988952
1705485335
1545391915
167591283
1836799226
1019465874
1159772204
2061690862
1279245368
1365756476
153587895
1536098925
254591330
207301357
1922677646
200069980
235029055
264686855
577554584
1597797541
1772550669
430782180
386506853
644438387
973324566
861997935
762682975
650391058
2057628652
54571471
2063262608
2135397362
2009080897
1845462589
1489423370
574970827
1384691045
2008548854
1798967543
2119303130
1847715420
493644
1519698237
1235107913
765369243
917190360
719379149
852157356
821500511
10426058
1612770953
935378344
2119264171
1807422817
645191888
106380718
604396764
1163340149
2059221159
1840637925
2115316714
650034225
132575109
1719745062
1624812861
1498196703
974295995
287940385
1852666153
1326207964
400580478
2101031324
1508716296
550584490
434620050
1014444508
454282227
1325276964
426409109
1424764700
934007581
2009914316
340088294
1548748602
1776540107
1475661633
27135280
1823407729
1091299572
1311314124
125015959
557142337
1423025777
104341529
363286909
1301070443
193173472
2125936642
837807601
958252824
231700763
1463204999
369865397
563876634
729104464
1512199642
1293298410
1472227146
1143474621
1405512343
784210522
571319311
804242699
547212049
1239096162
169689600
242359875
52789192
1747906938
1766814369
1513536625
1780600054
1637169762
1811761994
1541574612
849255752
1311033323
1385135142
992446910
1176937898
259034208
339883350
56735759
1490007099
1841996687
268893237
774921800
686799968
499819127
1862226615
241780302
1521832436
755038095
93795050
187572926
228025757
1028900273
1114931359
961510631
1002124346
1369326497
1029747490
1579567208
153910136
443697726
1176770852
1380243047
1228088708
1475107652
2015246522
2104590955
1683144155
402983612
22867326
602477271
481501501
1951356161
1798047443
1955358468
771160767
1027738479
414271559
1878830329
1610334208
1285759401
843370001
1801648330
449314420
2131641735
1207171001
710129546
271051740
444386203
1394416343
2005669870
1782926294
1540069982
7626739
600777343
352771216
1859068
1831226252
512351099
1934924952
1127870137
22189364
683763785
1554078671
1719432190
1340215000
1036243608
1735338365
2057858564
1105493534
1036231443
1242255742
999059484
911174119
244329922
1285012121
408155544
742718963
564136448
700618737
1547852634
1310344868
306237461
594182036
1332717559
1883645659
177657455
83630128
1590783111
2102823423
1539917954
666349542
418686987
622818332
954372409
408956471
1307719547
162509351
1781707543
389673756
1274412140
38866016
1879099375
1641502002
919176283
1477835984
414351932
1796837649
1926601369
777325554
870591006
740826045
798674642
1947342190
249114610
1980590645
425171515
2077742848
1188368012
910647337
907242840
1778928503
351131412
1644869577
1915785319
1817211866
1483038842
257676473
1889230956
1070878885
1043051671
362058784
155980506
1894903089
494728417
2140523488
2126039515
2068217649
2083950795
433867488
1118331708
688831576
623069111
1495026820
422775800
774613017
1689981081
805531966
608453216
1193753478
759931177
1399877182
1262653667
1806199130
1003482820
1559283269
1547430784
1409032210
2122883808
516423063
179976645
1523649589
860691754
1346951951
449984386
958266549
1831615806
738224204
1706522127
1317464942
1089326594
742097673
851634231
1385352139
167316640
954921355
1627783872
1657037192
1924293918
1492585523
14359448
1095401873
1277828763
131280435
2063880606
463486730
1117212968
934428510
1584719625
1446749800
305536832
1145096471
326473849
1651624124
408276197
912140395
1494424216
807467280
1045622361
1981124411
961448045
27147754
1770227831
1982899858
335162429
200349933
1868471468
122209301
338275614
1740170911
1040595604
1817756824
390286105
1380530246
1718800693
1201716685
1202746363
113158635
396959292
1281731665
1301958161
1726138526
1160747074
1876697018
126803806
455764737
726289879
1935010400
1611271000
823238583
1003696889
402014931
1732679870
231093313
2114779800
126239303
201789351
1145451896
1190277138
662591872
549843090
93477579
1742876230
916775657
1799528470
1769296071
98549067
744516815
574490223
673253730
1153416791
1208589173
2133198913
339616254
80462652
2031682315
1487006660
1929027133
2067366948
1151545981
328052448
1454971611
1778835995
815172016
886230897
1284018480
225898854
1346207183
1440288315
1526567123
1705971582
1280807107
2123380330
1088041304
1648697000
908922305
853185475
742661689
1665638706
636534013
766533997
211566290
1893338699
562290812
1699683158
1468112006
1535859328
1013181447
634141763
222382336
699551183
156142139
420582008
1276061332
16441706
1092591805
88208640
671061187
814317321
834020748
1600635802
1039672029
726440940
1315420015
213596992
1238207169
1222822252
1591217037
2137344341
94852544
1703081277
1074291227
1023682410
1587916192
808858435
1061442607
805415341
1456208828
1443760909
39087284
1436535278
1048254537
242737906
20192887
2005327
711977907
1610465990
1250937181
1596416648
308773925
659441721
1990762679
458974933
1582809384
1474905805
252142766
713469090
267923055
915756413
366952834
2146812289
280189336
1671675780
137426336
1258248049
1263566402
1186890111
102963808
1251974160
572593180
1292648842
1465998826
184784954
148890470
1284108257
293280453
381543217
1741752786
2036852503
1022766215
452664934
2005543812
1076270575
353705381
1973822438
2110091833
1811786971
1293492328
1396732260
1273633923
76441871
1822254337
95549919
547323698
789657408
2142273203
1981556719
2062252751
2142799870
1470736942
1282308786
220956482
1669746603
847439612
1958201165
415733651
384781335
618526228
177588513
988821453
704563642
501837709
794118796
1127048958
1759462028
624705900
435146841
1545195356
592957573
1434428109
457603117
1714313883
470421155
296191694
1880651496
1775650221
210675592
992673246
1244834273
858903075
518555137
1913146751
804671
82709467
604974774
2103852427
1851840893
1446966835
212090354
703293764
1576429905
1083281123
1013984891
192010835
1395702652
1763648273
1208086751
1455843067
76530863
1486939632
2127796847
1123274375
1481716251
620433283
2107689433
1080421091
1267576980
760997248
1441823590
347941191
1774926945
829370447
1140172492
708549646
638084002
2123152945
344301745
2109216677
576259422
173061758
1335417277
454618270
401323816
989241094
1077556570
1168044260
1062706030
2000426393
714265099
1340254729
1527059038
664690595
126074214
1248889532
1879068533
563483119
681356719
613307734
187399590
1831219852
651590419
1745016211
842447907
1640519373
1005171326
2010792797
1134484938
1200971625
1694841881
909426884
198735151
1285723331
1269739363
1263633675
1583044418
1728382277
106270443
1197500124
1793693
1575561189
1060914599
1519899660
889492990
1475103432
2084033528
386005346
710432208
978185731
189371830
1283410458
109240031
209885707
1299853762
1160480248
1290554929
834950628
818127716
1355968638
538401994
1972387335
1874365379
388222253
1866359268
1608190183
799908602
1460356877
1202363858
259544002
1461439618
685413629
1365633149
151415385
391061065
1125044403
1067073678
273459208
1854106094
1865605406
1626776988
1282139312
264708193
970101348
1518360565
693713323
1350897599
1752178928
1278002007
1967490790
431823991
2059653825
1327189709
2141839786
1165723021
363282884
1818380926
1636598382
393512506
423422631
250608602
1595933817
125875696
604243845
563259234
473107686
386592817
2045387705
500903184
686563270
1977524235
1751702228
1231864163
2117231972
819267888
1173574825
1370156299
925778339
1072679094
979251333
727686446
769179524
1641572199
1218818428
1065725525
29291204
69236678
1000414686
880868343
571380130
1469798815
1408197577
1783864991
1087580350
778198345
1289237720
829465276
689924893
1193648252
958262009
1900487173
2060730441
452435657
49260637
2049264007
1022317206
493293498
1081099400
1682011724
1558511487
1511672966
2143139976
875573930
1655024686
148445041
1798167618
2121301541
1403822106
480591550
1672505063
1956932098
737585099
567293266
823346310
1445114985
337699257
1367562983
627405500
594455605
743716690
1351765481
1392883334
325994332
573056027
1330266352
1999478071
243987958
1416596718
2112286171
1243503237
1978162156
1695320417
218456197
27014589
472169278
714350919
477524775
1262376983
1548318960
2144936016
1758885450
493088292
2135869074
1048920524
787291751
1283239523
528226923
1843009165
1253077277
1575089908
1000325185
61286121
410455053
1927205988
1697803464
1368978142
353484629
685269926
547380645
1818006097
1120540072
1273831715
348139549
1993201519
1296237575
1190713064
915945567
899806516
1989319454
936639486
1402323818
1038011402
809448509
744779547
48412123
512940495
1261434360
1883560382
1368888325
1035732329
1254785440
2032159458
1729352760
818286408
167596003
1734978304
10393231
618514735
1808102134
1802065931
338698071
1023411105
1886228892
1177988612
1845242158
375932352
306134621
1259357869
542568407
1392501079
815810662
1718829653
832822686
1109972531
1488083367
1706608877
1682781257
981357450
893869426
1550754280
2039890067
1136206749
1021788997
658813598
1813437995
1888566775
299797437
1706036464
124092039
94673417
1242569562
608851047
1118086226
1223510635
1153037172
2098192700
1058143765
2002555712
837928433
798737043
1705263489
139314360
649382561
546075081
161427803
1133837231
1402556470
500639970
1825691652
466487923
744366819
788327973
1428791460
626125730
2012971663
1928562372
1795528947
1593655602
1964704438
1128637106
383763876
1926791563
295128541
529576857
1477907310
2044368079
1383753392
1933312228
209915575
1770570809
1551933625
2016127735
430124000
1749220771
1427122879
2104192895
122554919
1284532948
1239136676
1767807649
216002030
2068710451
936567497
1643577870
1618466639
1836533099
1864936835
372833245
2131700403
1403487843
2023346533
1605592649
508740780
1486687808
1304048697
1936567627
1138456888
431854890
281834900
236099368
969562604
1331814441
1398299157
1271531556
1617622204
1636563241
2078961722
770051924
2147382633
1965139228
1366485214
87731857
483865479
444389950
1507802451
1891430280
1452988202
717776288
1670697492
1292437373
474686691
127714398
424694422
670288722
1645079582
588173612
1962361662
997827851
1643966153
2127854844
198550999
1175655120
454410591
108024865
1451195654
1168759911
788240451
700465034
1174832742
835811249
566974664
766653920
1515507246
290992496
1492265891
1593383137
446285206
1543190854
1452205472
1155686300
1333581056
1940109604
1727851852
1918783469
1135629945
1864476143
2124507144
2027957019
920003247
513565180
1827328144
866730657
1073066897
216913051
501165097
1674663690
916690562
1334192330
1669343335
81969909
1778092089
1558676747
20384664
830936121
923415608
1866329041
1030882146
1384801120
2019608689
97618157
1312098770
1879297674
1210066725
683079357
1625319428
193595845
1614730936
2021096059
1696516256
686124127
1401363141
1756146512
1410312592
779053471
539659339
2031635053
942049199
1829430308
163554921
1518357051
191421200
829101419
1346970809
42915498
1021529576
1913269100
556707142
752963750
1124808729
1189142115
1271652395
837701288
1657276764
1753374892
439518921
496620649
716237833
1205086919
1502493860
5247921
1648724614
1414481276
1071877083
24258637
841843018
1823527960
877270850
1038442782
1697947886
479808237
1535268244
1578206017
856691190
1505656268
46147324
1096312817
1588543481
243726276
1730968612
1943997721
947106358
744993535
1772312341
1657385908
1567884111
1740633015
1337585683
1132548467
2115909284
1610097469
1502241991
825160453
1073394932
1328290070
1678250138
531494543
1301119938
1165333568
