1482968913
1732907987
183818318
2054159995
24075654
25565910
1868308745
424118266
628588505
322781776
990198143
250151910
270691674
1260681910
1171892453
516121098
1562998596
1953745599
1035914384
241454533
1018818159
271445231
685107125
1807691683
143415283
514875958
1732295944
1881906209
1136316556
387790317
1018693844
978729930
740103929
2005921643
1724118176
1574198900
61326949
470437222
587895420
935071428
957199480
1664278680
1626133773
367902295
1656326153
269885839
478696074
232790427
753191153
331798801
59438560
591331148
236378874
805070121
903176182
357053831
38499831
49022162
934468363
530585228
1076317421
2063791167
767156794
1518472981
1176155759
1501152197
1633050400
710174797
574441479
1100346214
1085202324
1835300719
1814722256
1987411195
1462248853
529001724
861302561
1125160701
1767805762
674340248
525563236
1784191472
1579357442
466861698
359875076
1151308396
503401411
584003502
1697966724
1650633161
1161982063
2106965835
726184841
1478448369
364968017
2079306871
2108099256
1958714366
768961321
1882280190
483141318
713191
1166015825
593576398
894028929
1996569438
1845046991
1477362696
1024028348
329497824
2137532371
1542181975
729101223
348875418
1655380829
1679079912
1967308089
1219427576
370668027
1398474501
1994704585
1366041547
83730096
1794230610
581421501
860459541
2056429552
733627298
1045363545
909229172
1610829512
214707062
2060064185
1807406121
312131099
1883898900
74546650
1468999877
1420495879
1908527425
1379760338
701610607
235284327
719584155
1204175392
2093835988
1168518001
937287829
1940256030
1836694187
1035244414
298002447
657611667
801575396
261204202
1925749137
1553191781
886329452
988917009
1866779428
908041579
1288379807
532373882
1125557197
548341601
482618443
1579921424
584534951
663880437
828619101
234640779
45925276
1657986046
427232043
403148782
1810628287
2028593100
1667128157
1413542697
1338832713
1188751258
958084472
939238878
358668591
1243863072
2014442505
410544193
1581382748
1979861061
462268010
129623832
293013648
445096178
645941556
2076441826
1832795348
1255548930
1986911041
1657971476
604730521
769034325
1167030620
64976254
63120493
2027718916
497306248
370723276
1516644441
1865074094
37267178
2044427561
881188313
120609265
487097171
1517337086
1167434616
1004048885
1479068526
56825816
405174280
1014223394
2020865155
718444392
904598395
432146417
1240511205
1239751844
1890480994
630855136
607017982
90777866
332166399
2041498751
2088836853
890943492
14399240
808002216
943775225
1540767591
1672584443
1196981964
877662765
344192533
224194072
1672807272
1172096048
247833283
146876928
771551382
1092895559
227759317
1036274920
494226623
245556522
1293388133
1931631994
560408174
673429608
1113677411
647347784
1274405184
708359031
252417494
347659501
1753227256
1382189660
1726040897
762673346
134479279
1731720435
703946017
949967674
395864104
818859996
1622125714
874249179
186158401
1764106754
555971856
794175961
498822534
620146889
397680219
106198353
1788921312
767585492
1690438261
725266975
1098752619
281387376
1273954757
1793756764
715525221
1082749088
530710366
645715575
651584833
905299397
384581465
1863098607
695607516
1948616938
149786974
1030175658
951496903
143817898
896799042
256333045
420254402
2108870846
1727236042
225409561
372085834
1183388455
1345508750
1088398742
840858954
1189726708
206694905
1663252223
1812689901
149200817
942729325
300961393
130648979
947104876
417938819
1319577009
1897205985
435291493
1846773360
508535009
1644643571
511925585
740379779
404549855
200759725
640229195
1363130058
1927463227
1210425647
509480536
2116580309
48565202
2135753318
1549276053
2115517842
681790475
1806034111
2082505983
32930135
1481730990
1361503479
1143852767
816813567
71066460
1862452494
749603280
1107028523
1342056623
11020635
2027988846
1936127146
1053041647
318690488
1616248733
495386867
497354605
2103915997
273557619
1997754831
1203143296
675035082
1465721539
1694962708
836823577
962881374
1167131975
744586123
1341559045
972988421
1782018153
259492851
351676864
394760591
11154606
340930591
1094396912
1108906267
1004516799
1666933050
810866565
1706379058
192558102
1070022699
1827409770
1428483312
223987522
1909596947
1563026920
44886620
786920150
473610483
957633688
424527833
504127476
711951723
603208195
1157661878
296674673
1977161373
1638880984
16876768
1832888485
446592816
1119003848
832006071
83607762
89620081
137691394
773274109
229467951
460898451
1289733190
223122667
1904434576
1912537367
1122665128
285432926
212850099
1159473479
168873187
1448734254
1384268585
1720050908
689728856
1256043680
859578846
1990600383
497826466
929115633
446126920
829421548
2030516694
270113554
527799336
505352819
2077059676
251897716
18500864
1741613721
1741895012
1156676601
1648779026
733866011
1024072456
874106634
220856336
593211794
1940444925
1269212102
1829443173
1074629618
74372852
800819799
1045448734
989982764
729971859
2144752481
805162615
748460276
1621574923
996821140
1899476990
1058433692
1342214229
558177377
1387127654
1258338079
1525113358
1791877834
294690027
277971003
1948587501
2074182993
1819371612
2115402165
1137353181
93668370
1356997066
482782656
1551605691
1742665197
324878027
1703331192
1073608878
925620699
1956944491
1991950527
788502423
285594640
1620876001
1357051404
2095757884
1301540091
1620006321
2058971629
75317587
617007922
253628664
77851478
632118412
928946397
1639515331
571481403
557993869
6643873
1983192142
841581644
1233951111
354698798
1637890087
1852010207
2043329652
2072147445
371140865
394672364
499187183
299769335
125062424
2116390449
2127961007
1524818361
1620204091
551382134
1156353441
124148564
1796046459
1670236139
382701473
2131385256
200647022
724095917
1510264022
1869462449
726085664
665194599
130492071
70234353
1078754712
1097622293
1249685854
1561769741
77619714
1395103204
1002545239
1516978292
832791166
1889649974
549682148
1931968570
1270827908
1962891969
1556323009
2015411971
141150193
784619735
231569711
2011417882
638918323
1618204608
765274031
667239329
952557838
361150275
1107012444
1488938723
92205960
1124378180
1075497445
356686789
513145719
1499120263
2069322534
624591452
1247861541
1010643602
954260067
643360664
1549239965
1905605553
414617888
1096343581
39328533
1339258387
886461856
1417641522
402899703
1452663058
2130605816
1296348370
4296846
1552660880
463737038
770054624
1095506249
251466876
794337459
13523320
82918319
947543924
913135387
1097946953
62315828
1198130017
1622186985
483328878
534074604
2046599792
532884991
564913818
174653983
565526561
151271488
167547873
1812386134
488226865
617995567
751149459
272477704
520988895
290786456
710430158
165396672
283072203
1861068498
75733549
47261165
1950436602
322656661
1941319838
2093680454
400638710
660942962
339772242
1311154648
1602663187
835154675
1831582157
1292526253
104647372
102697551
1133583645
1894507547
1915207499
1159940298
1797707047
875312550
1684252679
3050663
32631068
811628691
1003168136
1692653771
114988299
2129885962
1105599046
1732713712
2019501713
1303223270
698698671
1881114498
1794290347
905634077
1175781704
1431755545
148379308
723241671
200929259
536764820
2090784330
1433144525
242548526
1733408462
1659799762
1345517871
947324644
857294080
1495705468
1185154289
287023805
1171385523
1470344921
812806563
672292361
1436349024
358065512
1833026956
53451162
1238559654
1039350089
15555698
993177030
331744806
624805641
1807481609
837085835
795582974
613268379
1169747702
2131572686
1642781153
1337451368
1245373822
1315846076
1074606800
1013143677
280576720
1665199441
384322935
312009187
1695769579
1669073143
694883110
1594315060
1295285563
2022478937
2049096708
1353308021
660886109
478010735
886029757
1532870323
1644199412
1570941496
628538716
1616725204
247464762
1329089364
772839122
136871188
1158884260
321251331
2105997493
262289175
396763176
902674750
1548228616
2106214851
605850055
1856945004
1359086490
1981475996
2129151347
942376190
1048154876
616109102
998714523
1597809976
1786186525
345039779
62954580
919268624
621425284
70673780
958137637
378676271
394866472
343137596
1238658415
1941097492
256452591
577905833
1654747255
1906422616
1858421698
914138507
1332536338
1728985868
408436809
1911137039
1326771948
532959294
1098283592
1632150533
1682766196
1755134875
1209655701
251916380
1546421096
895650094
326038197
993997744
413239288
1547201094
745107475
2131523322
845986458
1658393462
1549350108
1949418342
774407785
1036040374
42146682
1254940738
1187011130
2021779879
1405587882
541572626
1548512062
989081588
1881150524
1046954176
1495185485
887812564
450260071
1189559024
848345045
2143337131
1466706118
2103900531
1118618695
1726289952
728162666
16131489
1006364831
742134301
1319305628
881071909
2079359206
2105640688
1292879710
1472388689
1453438003
559419381
37933211
1595254383
1930315079
381691589
404837197
917444186
1281809594
722695454
1291726007
1954801704
515541959
2066874590
1463249468
4852229
61632944
1227806254
1408058843
716159515
1998458319
1271001532
600977480
1996173229
447244347
740248864
456336040
729449283
704043795
1571753824
1255215592
380938240
1681450602
262210447
832044473
1279748111
2089621711
580229008
1095611692
1911256636
1528673911
649643256
1771703015
1112983199
1397254410
1288660497
1324077826
969310322
322232839
1694341371
1633264769
1778187012
592640468
1083503342
1079179373
1184192455
653751654
857957786
40231057
366308227
1398226057
644339887
908537806
650102957
1242786508
48208249
1578012188
2117262546
1157973261
460317346
2054525469
1870607150
144686493
1080090139
1518377567
1345195610
1772933391
143893270
808042543
1137879841
1292346786
1303564843
143777300
114531955
1624831816
422941082
767640559
1128194162
225049170
109497264
834753197
672282282
813334203
513716546
1712445862
1393217374
2076818958
1090167382
965783445
841613309
718134772
1698676450
1737990452
2043295924
1124913502
1511424428
1291612020
2105433885
248111691
487712592
878720854
1311171092
1030082102
450544480
242695529
298514602
1552154400
1988101541
38254304
1190764083
660998965
618058116
1953352271
1826422138
932660510
2036427132
1423745538
199499029
496289506
459411660
1811417594
2081537747
104530297
1672422706
1474278277
985433169
822639343
1756353229
16570489
284920492
1146488114
163374116
1794414605
1866190672
304043896
1276596287
1353516883
1689112559
1048286287
1105086707
1824034646
931133326
924051010
1359522620
1658507980
1280412345
425655589
1501680578
85194104
18015447
2127222270
1682438526
844283679
348321944
787142544
1776963702
1950069796
1866933642
517401989
1999066788
737861058
303666379
1657334839
516934901
1165466598
1960537817
777004827
2123955821
1075673767
1260084358
482853834
558962535
845325667
2012603655
1438315437
504524538
1222914423
1203526443
405462597
1572783224
83499674
950545320
383559189
1952027408
78146263
1827372688
731025964
1122549139
1550886949
659373540
1039795795
1249178707
845037988
1997386559
365466575
1706514216
1650087542
1362235059
1620905171
1394079116
33476664
262686897
945693829
603516646
996567836
119140641
1419691435
990123236
41346468
702258578
2041113074
1970082305
1350316541
1649395851
1154636763
16266790
37692150
1148130304
1280011586
305539949
1924116123
1377108192
2001620108
1709634816
2002944114
1733250507
320225901
1912257056
1445147985
1683967713
2079375956
1145896770
2002270938
763343030
1152309107
1730088787
1837821077
167131234
1348212846
1067480860
246818984
1805660852
1393093535
1033934017
1369912885
656499846
289965572
49438052
1684043600
105410091
1868541638
1295751911
363528348
1463333893
262664551
804979662
58445953
1385758260
1274775687
1520742210
857931787
1653023081
314108754
770344753
1795614562
1719935704
2041677705
1941863059
361943010
51472716
918934060
964055496
429944279
225357140
1873377473
651503389
1067252694
905018011
854400324
1841079662
933130682
686437461
815244971
218648293
153809210
2081926870
1592774677
2008493536
1094459940
476680253
1496793230
472674801
262789176
375573069
346232193
1142266623
641924259
2112921436
812804539
344781961
521229591
1981793379
2135032600
964248331
1010066051
618680886
306507980
588752249
470364532
1277319119
360481872
1999293672
462984712
1394606019
1124511462
2023410764
1294134666
1439128278
1505783243
444785244
280502191
470090154
1634373369
585023378
1253849452
1079107474
249149590
996076110
732207986
1467586692
1243561212
1686373146
1522488903
942939181
1437001062
572181256
857075202
1594103839
1352564019
481226296
253124515
2062883622
591300570
799585398
1228988941
91184056
894970731
128571904
591821985
126104458
763558334
176157285
1902914935
821396031
973464122
1036441480
1330116923
