776813447
1969274186
1620460196
687013338
223933195
1517372794
1582586676
637454578
1085343114
889693634
609722915
1083981157
1401666674
256935461
1872181384
381822820
961761183
619401507
36924599
1303249127
277211202
1127905783
1312013555
1397687158
1098887133
12561514
62722879
1723092115
131042666
796188755
150383701
253271751
1390367388
300477100
294206384
872737096
255998781
41272913
1837825732
1596678211
420004022
684748375
1826918734
2091880396
925295533
1209385990
2145744069
1697411936
946482632
1945475701
1157389552
2089827347
634310033
643080641
1568043921
1651904346
139939442
693079017
1760159039
648063095
671125215
2006279497
329460049
1262315133
1579398802
338999985
1966184182
1564864767
1773276914
584501026
2554210
575618393
2069020557
1268613924
1013380387
1157062298
1621659844
1041043398
622735506
177220109
151385734
439785268
264655204
607869538
750241076
107109614
1905983840
336427902
1190335140
2069387179
1974815787
1184336092
259581249
230837961
1522911295
1460390046
877294416
2107118959
1228610810
246484276
527619149
615914817
1084856275
1881155495
2098669172
1565014719
782344871
1316615299
13388379
53876027
2095975729
1694567775
1589737148
1054628980
1049639833
451463434
935396945
45448660
551513123
1650185300
41746904
449196867
1108436488
592924022
389220406
1598940582
1397097314
530312223
2089506488
704675064
1460938816
457531420
1607521140
1838077955
1840109785
103854242
861674446
1948042682
1444561118
2145191483
1516878102
2115435062
1809817064
2122246476
1773387087
88676683
1457790737
1899274047
304687627
1203474631
2003561374
2102063185
52536178
1281530950
990618330
2045526009
1368527201
614689973
1414121214
419987956
1513025710
784993633
849257804
1986213353
657667722
911884475
849964346
253572030
600754176
21966507
1072318668
1466086007
2100144026
545349261
1832675323
901944261
1673075490
1260918476
1422397777
985308723
952511366
2036522010
39053718
1607790568
1635320021
25782857
1021166756
1189975066
1700445286
1397498057
559313239
880526608
1578603287
1209302206
627118753
1571357905
540346803
1496636093
1965930426
1832441454
2121028973
871389732
873465204
325485033
1356006025
1691835411
1735254700
1368059073
1983652634
352499723
1143945692
1764962587
861824998
872374305
1863778766
535903631
2087691621
1650314974
159309675
138045324
1496082152
1987328182
418501298
1622964840
1892307415
345512739
104300740
894463239
87964435
1434674014
1453903131
1606060071
1605038202
2053310138
1916769243
1566205767
819714184
1372620445
1155430209
1047125554
947825178
1767209499
1726665272
2047896876
243375695
1672468272
2141323786
956403127
397385351
377443738
1538545971
557236738
259657869
770696529
1203973458
1429926127
1962410705
1610273444
1032098361
1460353216
1117559502
1251463666
715551779
1114243677
1529005962
1649462529
724820741
927186756
1489656380
1153362942
291143933
923884557
107136775
1512371218
656090599
916132249
903999461
843232669
315615759
280944343
1653177247
205448209
1453517312
562599218
855857912
331370862
540292475
1738408347
1652964842
1000679253
904035203
325082158
421321480
685135819
563160469
667732099
246876930
387915661
1988080630
1807241364
1624889927
1112806411
1542540580
387998790
1874055877
2098386690
371233390
1183811478
1865211851
1268459961
23784352
1990621537
660426256
2119416279
299867094
777305295
1405979085
1209573855
378671473
735055709
437804293
639055690
2035548968
629732743
19107813
1499095104
1743981622
231942158
2118053189
1055148786
81697201
1079725035
188206414
233177238
492182267
409992912
2146396215
301133312
940345169
1429922391
895767336
949361626
263023233
1575415754
1669572927
2014343296
33606328
1308360334
1956414128
1675818362
1638816121
512493356
823688198
12434071
989168042
1506626813
239480713
471568546
2050426057
501730575
2068179016
1054586912
176019152
1996498583
252156119
570279096
2034842082
545826802
1895743456
2113312585
206342791
1859956583
1664123664
817263172
547993671
1838001888
1109275448
651946813
1579929020
1309180241
1436542573
1117394787
531987586
259681475
443765328
1987757466
1948202570
545258236
1494141032
843841591
1163691278
1096839885
1680103083
67219543
877229151
1522228216
1824468508
1808260316
595328474
356128699
1931841934
1066376965
1208126137
833501181
1422634630
917014185
456637573
648404756
751297086
1259980816
1038405353
59380273
729746630
666990
1039074466
913279081
1942467653
1480287741
1239527827
1736515680
296540766
621604022
1877840886
1274267284
1701152174
2000969899
563039916
627455555
707010929
2057095428
1561982645
772513531
472970564
427548308
671073722
883349692
376772357
1589908759
922887111
768372939
961501398
1915469322
1435720215
1958508822
1499649345
57491239
1590124808
1510581311
1697045366
1604974204
89545518
399628359
1434066351
1511589415
210399107
1126498776
1282876340
389341616
312202428
855216686
342238074
330176259
957939639
2069541283
1460175335
1947692296
1990592272
368234711
498884017
120000993
96300498
2018894457
1899669092
69874367
1598924618
1863919540
1645764994
92534625
422692344
1736120632
1104928708
963017515
79226783
1455199971
562087039
688127455
1742147708
1727342604
164749602
165684730
1431521171
666809964
976094940
156028589
544335396
1781648810
859639898
1025211255
1683434557
166857090
1995212206
1841572699
2110606441
1494940817
1105157195
794027459
1616527494
1163426239
1114797357
453049073
147118516
905562697
1722784533
1894289950
879598953
1543371369
388162290
802733873
1700209058
1183844005
1822584923
1506015773
1468185140
46945202
416727097
841904599
411134273
1637186306
215071618
1848857843
853943493
1616188913
6616096
1799866842
1271243600
442880391
1951108592
1279455402
1908474318
2066658539
1589802470
118352042
1851503746
290202725
1710336333
1179939688
2024953106
2015480590
1068724012
289304434
858718139
796472599
1727169988
1363412141
214149456
67547942
2126917603
372483049
704328021
309725590
1801880803
537868041
1704885983
2050434083
1329360712
1171608268
1137727424
416217873
1526734096
650526847
2080388511
755930063
1864844843
1846146606
1470565130
291052227
187233797
17532562
498093666
1876373528
1405187642
1143553821
486137314
680041262
1165160974
1929995260
2078337773
1069735254
1287339221
1564145697
391586287
295787104
2088308914
478921179
933034994
2033926081
877082491
2095824657
402544463
758674529
361635768
983655195
1671080321
1198095103
1515356106
2116917310
2001026069
1394266434
525322537
703864513
1872692925
748352861
500649414
1814856624
164812933
343071837
1297684879
963217709
905290269
616776466
914989585
1959295597
1863832404
1807082392
1927777847
1345815894
330423718
160971137
1293350960
1222235060
1483017708
1554390688
624667503
1526840850
539692849
1919232628
777126092
1646596667
320964773
592862768
513678024
1899300685
1430546603
273827683
935551981
1585650038
264277773
565994313
1326600532
896902990
993110095
41757869
305695552
727894737
1379478561
1073667705
1071627752
429230071
1871286509
1272943836
1762227282
476646130
803202705
1816925974
188383067
1747406852
680995367
2007053283
183405267
999567098
2040775935
1403402882
695509701
1130587208
586860718
252820064
1130334932
686281154
818911808
1303532390
960555456
716427509
952884872
1328021724
1100245768
994447648
663787929
1245112568
816847018
232528594
915182413
167992071
207703814
1136341793
1973629698
1469531703
280087777
2119301252
1533027429
1401688831
1346797956
1478538062
1957115750
372795691
1157749508
754709448
1326779723
2129661063
1194161821
1637660649
113001696
492608039
521361108
1342197171
586525019
7169331
505308819
1967789387
413944616
923837170
190410431
556116099
2110956102
2137934920
803890809
1982086396
629082525
61560775
1066689467
472150222
427433372
964236505
1013817334
1630047766
1990218014
1531171969
241750104
616760496
1695202647
1926368445
674693020
1672525033
947375575
2062712500
978812096
81664910
798861746
2107513583
645783429
1792737057
944225080
193204452
996319783
1353200494
782718087
2010320161
839144775
57654477
634964794
870314001
706015210
281652467
513367359
331671406
742710682
851161972
459100359
194540612
1733659818
1564933081
658170198
1527416734
1115119255
213357401
378907642
867073999
1351810186
1638019128
1178561688
664498270
584856058
1127273657
452853346
519618191
629968751
1336698817
1161015652
1646509194
839268193
901315850
1239820094
1811647787
1912821567
1612457728
1420888300
388708965
1308421771
1572883516
410322881
1050576979
1841014306
1839045274
1407761267
726445789
791648666
434164217
1790447439
147637251
1230509252
951173262
1018695821
1633304777
491939664
1459546853
1040191422
632072895
1186402448
2018605430
563488610
65801260
2019468629
1703159264
871127446
331121879
1201402357
82411972
600610538
1450564977
68090479
1822003521
983900241
1992337314
764189349
686052103
1166792241
2023822510
1984997575
1692823578
1038493339
1527794884
2045549521
1939270949
2089577620
558346467
2135087146
1341675384
1067102866
2020479337
360637549
1359316896
1863182850
84771642
1534912581
18461602
1844169222
1798905225
43448178
580201172
1311024957
1597278790
2138360552
1073460567
1203877562
123990820
2103618070
576663860
1298615830
1776907590
217998916
1429776146
534368928
155051397
836069909
2088480913
1227696563
501567328
167575340
743680583
1370594337
2092710017
920521707
1060621141
1101938379
1340166888
964668247
645586085
1118310994
1016063926
1789927703
214755778
1786129384
888792216
111266715
2096162131
1423333696
1727337934
470406746
1456331573
716886436
2109585111
581471795
698542644
1077978660
382280635
545217013
1562304358
206029548
306582773
1307998458
940567845
1512076207
336883706
267700718
804100007
1003453760
139810410
1032715182
541495612
690552383
131382738
1502587467
230547491
1720936688
790133276
754715181
1633568776
1086785575
192234644
1183376212
608211230
1853071712
46721431
1856224954
2020665045
1014818283
755066586
1130907605
2085169208
513246532
84632660
847512632
213492711
1469829760
901714377
1884463961
839704672
257402064
1345045369
753925782
12352255
205342092
618714979
1459846606
730025914
1291663041
1935864051
141011597
86403270
1658089060
1516178546
911977814
589755114
1045618888
356165945
906818783
1860719469
1114151636
124778712
141255318
1862492185
1779321366
766154692
2077322027
598505962
112655072
668331909
1308431588
1108142707
1237495546
1275242303
1021290062
1291350935
879078354
238803712
1883942086
1128915169
178338258
1810644394
1076865300
1601246337
1155516106
795029368
2042799154
2007673316
1974697356
1421898542
189926954
260106222
819299479
1594739681
1714055453
1933008087
519386603
87584096
1300390496
406723999
1783218683
1469106494
1364466624
1751073583
2135805889
236315261
1582466790
933814030
1521732587
381284825
485872854
1891582396
983218483
597738670
1997020049
2078739631
1752593356
1488248966
1833661403
542386663
1746631160
1819743555
937750807
1824678704
1309502391
37537765
1212937550
1034810100
1286640537
114024441
414417742
1615726778
410118837
1208476063
1935364335
1465441087
327035314
1674731062
370178929
1631093295
1901566210
1375307174
1602347009
1615950208
849572399
1941062217
1124743770
2028933228
1828897869
2101864823
206719880
49841673
1322773903
721562284
1624206024
1868002694
1788402678
962758488
1170670220
1939604484
434071332
761609540
1011194779
629481998
820786511
1208364444
25180244
961131191
1424342353
1602808477
1400955410
409913935
1357125596
1770763739
1676372651
625008321
1358131658
1298127151
724927507
1414095756
2042761618
857629757
503148574
116910940
2093744599
806811806
1180478051
818776388
1386582810
1965485742
1615334972
340446107
1218905744
1910619379
1617238761
306989680
399430671
886582312
273946580
2064081835
1700076833
1415217638
1550383855
588799681
692191035
1282042862
1095308089
581751315
629249800
1490294293
1375836512
73974756
1804314334
1244820684
688613505
1255317749
216134226
949579339
980566283
1434043071
1384612071
526462042
1729763265
1816977228
1648630241
498630844
2130907870
592534707
690645816
467199544
1922365266
281158190
1720479144
1670727749
193259563
1529618649
678475749
354769745
1760852495
906522122
601133804
1898049454
236403941
892823879
850510197
1799571738
1058798996
1212024808
486280325
1027155177
929636835
1021182026
263833375
1719974097
42967168
1194536621
2132515610
1077384274
483276572
529280427
1361776910
645852864
1756799155
1230617686
1399612776
2089913326
1335930345
1114647532
365386909
177144185
1580417424
1074769721
290711675
1656866478
1401508679
425114194
1331278049
902422931
1473765270
419691233
2050401262
1574413817
789332848
768077332
1116128554
2108715186
805870049
867659466
1094278081
1671988754
768576022
1346211784
1237417098
1383856905
