1678180842
516035269
1707145394
2052554329
889510743
849485817
1609899448
1314330770
5015435
834091250
750211678
493817820
752522461
1296001352
2039352370
1178067208
2023453299
1477295820
142027823
819600885
483718986
1218220385
1194750608
421292542
77207378
1415982709
2124291525
1379177219
1250527414
1466073627
955598467
1403842835
1730296633
2073556758
1007069942
710399667
797221820
857173157
1276885778
31292365
1671822812
1310633366
72538119
395144504
988464568
488282823
461166803
1684220640
686803920
846834416
1377633777
1396588178
102589705
1683040295
1063771695
2076751207
244734157
90382430
1800410781
923502026
910970703
1840817023
1475766177
1054805031
1956487660
207849762
1011341608
1977509937
956075949
1874106345
2103402487
1827087568
719189993
48662649
528137759
1109079206
1638784263
1435237909
924825743
980544829
2146046305
2039885528
1317917635
1925532367
719818821
439063951
65661339
445867696
1967990037
325166897
349440582
1174448732
2098602638
1457661436
1768766045
480635161
421137445
1395936300
2052702220
1610492488
1640117133
1147906138
1948635499
1098550862
719613014
688006512
29201899
436164633
1909069743
37771333
75926763
1232323921
2086464076
1013894361
976718698
499056413
426176099
566013230
1072538327
1336348047
1810457552
385072065
1380934405
640374701
2095464536
811023268
2029324602
214096413
1773285898
1191903289
115560039
251584108
1562453441
1304002189
1674552945
1461034235
767390663
1635998286
1027596973
560255878
1390015636
1076922474
1887717739
1672673874
533815220
1707262278
1311397033
1148609011
340358854
1938463896
771189225
1867785143
1878433440
2103202018
48102685
1694330547
944023696
1544990860
634695870
1278237544
9678269
1459527324
69084411
143265809
243531437
1494930708
847857679
1554685835
154814688
2019522280
2124224939
344435937
750072985
1740015514
1704981395
1095859571
1130355900
1382679156
119114053
1520354243
1008771795
1086712673
770699475
1934494941
5898538
647254889
1404249810
2018531936
1674255643
1509616328
170893163
721359660
974650212
1675713193
790075022
139990186
1595758772
872497284
899412295
1293766322
103958597
229917969
491299369
151122973
1765399202
1696753895
1636147942
660990441
1292447370
2117746870
14464257
859881218
558525933
1769896733
934624154
141039283
1154177299
1775217193
716873832
1257377705
1814962652
1871637099
246863302
884134303
1918728482
1885708725
493987812
828181419
470863930
424161137
1782492958
1715457317
1480323226
1166870685
1886311785
932758319
1318398868
2144295271
385319145
1637385446
93291797
124511840
644912545
1462188068
2119849337
827885408
1781243970
1053980910
1708004862
1082275319
1975098404
330435969
885390520
1583565195
1792665170
1260359924
56649498
1203968787
1873022911
1500896906
488375204
2099898991
1793548439
1649387414
1709564547
1042775905
676724401
814300683
1913433683
1337499692
1547618592
1312832928
1322217220
1216288711
1987582697
365714844
1526880474
1925293502
1993262798
483874115
1428834702
1474613670
502251081
921591005
1318565266
1759722555
293074325
1942386015
1133766514
1524344856
935147237
798310585
1941934934
2008323089
1629206200
871552187
560980132
213442864
1816091460
978686628
1128737730
562994763
639420687
1023389001
2056839673
1218491198
473786013
281454559
1467742581
279299531
700623172
1410840421
1189455721
1224364554
1614290203
1923125424
1742607951
1705611406
1242610193
397593876
1157299789
333472791
1419982874
2087759788
1659380147
230631661
868365443
78951751
839110561
11722719
2093488743
454162671
1880469190
155963096
1329324090
1608652567
34091587
1116688666
489868418
28694880
1618033325
1722036506
1315214246
1497928968
448562481
924091896
1235894495
350930416
873638611
559263386
913669195
1977028680
348230095
1618388068
30728224
1034777305
1595364128
408846229
838020861
906171374
762230302
1837672257
449469788
204583648
1622967362
1665779431
1814069284
251160637
1566512901
33571758
1525928539
2058354324
191209959
2009369409
811344889
510643680
1981471372
349779524
414917591
2099553167
209109249
1323341937
83498695
132768045
995453468
844953684
1537912253
1536007090
1460456960
182077599
2051657002
615196004
576306367
989060395
1925068649
416549994
213662491
64370060
1805266002
511064047
1012771173
1468307279
700854253
1630432751
1537160839
464245202
2032945729
799091618
1318404381
1338451392
1121858122
661150337
152856765
1181870632
254146056
432212985
1023357271
915417402
404214196
958203307
82787000
1461849757
1588922382
1859553374
855846441
2075763055
1285205457
647060354
1746576436
1430774746
1135901256
122603362
1595630726
1659769423
1000001274
1668990949
797934064
1783716963
709118081
1916494336
618787976
574296386
1587956345
44017084
1383035884
1387583956
618993811
1396213471
1526428582
49298026
871050953
1591629370
133514155
818034213
80259756
2089305486
7829246
1257213412
1077327833
1757937692
690737778
613659879
1797788042
575799752
1331701132
1949578501
529451848
681309929
381456262
640932998
1938862782
1185222320
810668656
1274326942
845593770
1360054834
1799255666
1286420359
1144590060
1954247187
1427349043
2053466425
1418746305
2146958545
110007614
1851325897
42881545
177852330
642393571
801158747
774520516
2120836139
651893432
1549903301
1598794651
902397015
981281691
1121532354
367817371
2059612016
1344924846
1695440336
646737660
1284094308
986274427
1897640359
659835680
1399559895
860079666
1175219542
2104097687
83171273
1807156237
663039227
508598623
434189028
420273620
1233878558
936799529
2016936805
114223996
1202890922
1026498006
2051472292
259265515
1856097674
1988432897
362116673
732305367
1003427037
2024555701
741928941
826386636
923616725
97629503
160879570
1832496716
1606730289
1629891103
2119591072
1647213328
33980244
1136104216
883158070
1653855341
1303852802
1058268775
1854864361
1020054994
1031449016
604585232
383788915
668113518
2003463333
469901907
366953595
938186478
748772680
1060775998
365549756
1724509540
635204775
2020995932
1992949973
893211971
209933353
824905611
850966957
1285132679
2079753745
976682987
2054887041
992702193
2091322263
1787436018
804818316
1135617136
1893364389
1839328157
421602642
266278812
1136151851
2021119169
1021111432
1607739227
1643217951
1204030336
1319814819
1135132326
1302306836
725735383
264976123
602673510
1552007542
1847681619
364147868
1963918712
438215264
1847876067
1473753258
660498896
305044506
1680205001
789846382
955137465
1084639794
253980331
640861185
587393594
325715253
493028806
2098153107
355561365
800853770
657267010
1514368345
331196649
1719331564
383421088
770249745
1691215863
1675819779
1205150799
971755059
1794984705
1633557917
12035934
1511303093
1204440782
2073928717
219923021
840231035
863321803
1348902176
1828152060
385442906
1916421451
1270746425
785380805
1111392712
579665391
1797410312
648102821
1339408673
1094159393
1759014891
775864725
1349529240
1159550906
1688737505
1213285111
2062403768
1963045316
5106983
1107304748
294159766
1345635161
68445553
1609828930
2043822230
1267550378
1426335430
718457035
1418164950
482064924
630791160
1756788424
539850810
1995154828
1098825919
697806276
1443947285
1995577779
1277552242
1322626642
1685323569
1715252475
1456428238
854466778
1760159880
2014023457
1596990915
1992145092
1111802905
994656364
1234291165
1484799078
1199655513
1069041274
1883782350
2058579649
1082420645
154554038
1457934579
563240650
410504237
2133388025
777751627
1254955495
1584076415
1720596044
1625856787
361485173
2060522671
697549772
1549406719
23835526
183473185
941250982
637196822
848600744
1094985715
1697847874
53166122
40528096
131352073
1854594429
421478899
483460534
1339772527
994744067
1390910795
802579022
1807166271
1618267455
1468395584
1429812870
1675457683
145412085
2109107132
1640131422
1242855409
1985109956
734121396
1771376527
1003450851
2081322720
506535955
1669104638
1395946438
1793956882
837999769
837458837
1031707698
1185096661
412628048
532588078
581643265
2086150561
216339622
1713698988
108962302
896199494
951919660
1157997604
1717020460
180367470
1369542890
1928474169
2090350000
2100742213
2048338524
258817158
910820444
343897908
1242161421
1206142259
682221784
690753224
1312449999
736261802
454443631
1969056178
9716372
956639332
1494744947
2133714407
1419142893
1580025565
1417719630
2028871400
828228124
342772902
797500199
1604569628
234955991
1651669657
1662058285
68597592
778519708
764748070
407510659
2083919745
36919979
367979724
1001982920
31016154
949302538
604423370
1356624417
389074076
1088580812
195169038
262406252
1371306700
1159623722
491719351
1551527025
1883222033
82515091
1943008117
1549095191
132208046
1448000510
976904752
588636410
2004369548
258540930
858788331
343228460
718471099
457584207
453576162
1779836371
1480719607
16416888
1068941308
256210606
1068057965
124459406
1101474909
1742061126
596040862
1338917082
1935242263
1340133556
2012748637
2664246
1627916544
660963081
1118747890
1606978184
325999774
1709959261
2045664353
1016420060
1298519103
1983484279
439698373
2023358237
855419942
960957718
1849659349
2098849648
719494111
884711130
163694984
1063508782
62008756
1355801298
1688745941
1494493308
718986040
37692323
1694124948
19831688
2044666112
2004855121
81110912
1594536801
22731634
1869933229
1315595869
521669235
1928945333
1607674715
295330102
1638304926
424139720
1226485887
1510242860
626007764
1004334627
1024082417
631637214
1687574609
2013797720
1419707009
763256838
2145825547
1722298034
1787471234
1918669151
592878455
937465595
2007297945
1781149416
698077935
1151896413
188056742
358247651
683881107
1487131700
2135316282
2010434042
1880785337
1776073470
1974297749
440605565
1044838929
788637039
976349018
1613028294
2118234970
2065698722
1342819025
1879424190
2047660219
1988081624
464439513
2077466744
1044386508
529151701
722868195
1348193542
1191325301
757358822
1486506939
1205090145
1360028196
1110379495
667875964
722211267
1369818324
190971616
765464045
126945122
2028395897
372064442
838087247
1890440921
396788510
719052630
1877853437
573877391
186279069
1171969467
2114175934
2119270713
741216762
1131602791
2133730987
636264053
1979122012
1579108038
376286903
1078299543
842639784
1259891905
506319584
426820737
2073521339
566806381
1979717105
1281801387
612281156
986914276
1436200689
309907523
1676803133
758433585
142151212
795403630
2068914692
1896047205
2023450843
1227530156
35518234
376225222
21697906
1352738649
669068406
1578680103
253502087
463120207
74863495
955793235
222376538
1476051625
298077637
1040771747
676152581
1586980003
1994316787
600135855
1817164609
1843358877
224372467
972664097
175209426
1729681470
571522117
715666341
2105460112
2096901557
526915614
1789823228
1538775060
1775044744
175339297
1813185328
930823419
1374406645
1397574076
1433086690
981408730
609913301
1017594658
784807871
1828430526
217031967
1879350752
572236305
1241460062
1041372393
1434832926
1382087538
348484832
1442860284
1883834741
1924358299
2062922308
1810373880
1191081063
683538010
432029041
597582739
1359271295
1892942754
1318245082
632255489
1121108283
1835031228
2015578573
686632816
171591775
1475142556
2088969560
548271275
1876460544
856635726
560663000
666871774
1549809421
1998875791
1133756703
1304704121
503718803
118824312
1231230785
1868630829
96960093
1601977941
1057847803
1199652371
288257399
882766228
1529996481
1090649324
1899914301
1502696305
243845825
1465189376
2115814086
1442165007
1734156736
1157128315
377106151
1531418420
1317426943
1113411884
774824031
1650498366
1865430515
2107912078
1736577284
512135989
427597450
112512565
119542288
815098314
2142429877
338170202
402697310
113618751
483833329
1459253499
1655379174
1589202263
1020540749
1938373408
1265266387
179456108
1054757402
391280876
42603843
1760771999
650788655
1867215780
967476890
1733459497
1473614038
77597258
2022714071
1643198183
1272845820
1650011220
235748077
284424906
1698959786
795944963
1671295908
1818529891
386849307
1450860690
1798442931
1009330845
703000073
159628800
475559854
190403753
191180672
1123548061
961945627
1786633997
450953355
2144901095
613314357
736185302
855326845
1538533639
1009386556
329616361
1318032349
1236678516
1838963319
1116667768
681705711
581886134
1375101384
876727184
368413403
273851461
108775146
1999484622
215553405
509009040
1414677833
381017906
1057127368
680887833
1241382013
1113897739
1050960599
2049644221
2001953637
1548875538
2045375378
514541329
272044764
1147593619
1196180729
137744360
898449947
1057440454
1665503004
811945887
1377897590
1376341436
883288425
90682640
413525211
1366856851
353871082
867645617
2067830959
1754424649
1069163896
873267182
2055632151
572435714
552017671
1949646243
33470069
1804799123
644595474
1199223047
1517405478
1309078487
1601135
