1381421954
1217984966
16912478
464699567
1512225799
1316361915
642826562
1508521180
1387481389
2102943931
1108105654
1830597128
2015369554
667596341
1467775767
1684252434
197685020
77779458
678977653
1459227748
419947485
1953986008
86694822
236395084
1308794934
1128303524
1570150398
497667632
591396446
993311504
1847168684
1104302304
702596882
1079219492
1372399284
1426206724
470553369
949721096
465443460
2064219316
1167358835
1448963304
1313791286
2053505318
285729310
479322608
675862881
134930306
704036228
1991131767
1288471452
1302989778
1961128068
239783736
1679153808
208548629
2124470555
455686330
1317703353
2099954035
677633967
837098962
325102521
1416681866
1451651320
687255615
67124569
1876111078
1774251147
1657782643
1655704093
252695952
487436804
1625135473
902110594
787888317
491722448
842930641
705592278
231770791
1447210645
2015153889
1395784116
1828396922
247492670
2031399142
616878363
910771556
996336038
381515648
1387933625
1694387151
1797133280
1893171499
1693158779
1654295467
1201527329
1048015073
732063257
1386701540
1210074443
1329775581
2143828255
53097715
126357014
123781499
542753006
144024208
372455389
1280788284
965450250
1829849733
1885132291
767628005
1415208850
920880542
1461026304
1254313158
1420154202
1573760957
718049291
511849496
1075206567
1113763850
1671241830
246476672
444954758
1575522887
397667137
97952688
18225865
542188353
1875926348
119738925
959867551
1365418594
1673091804
1573855787
1141712847
23640676
1428099001
707384724
720749969
769069856
1097707906
414731303
441076745
843705989
1999224509
1146590909
175085408
2070307492
1479337087
1161378983
1938304641
1986192103
1478710452
1610577204
2012973933
1989798498
547092236
1884043087
818106172
1167309121
645561986
283533636
164461489
1586575201
1178668426
323639971
1415212152
1005661692
907522775
2100277821
716106238
870984316
944941254
174283340
928927725
908491888
1948049770
1819165871
1215717699
1777655964
1518012725
1643790674
1670775822
68651818
1957939775
2044928172
1158790854
1290035967
1089255990
1065368674
1029468487
1317298217
1058536675
1058187273
1117283177
617422708
298141013
1149660169
136078142
1133436188
1957265324
1744391324
477777127
1717708956
140184963
148881142
63960595
1495516069
1551179515
575196799
763434773
260193834
766726753
718001211
1770548129
1936195992
1027564667
1027015243
1677190435
516267299
603806580
2051270029
1755539645
7030076
1153381985
394731358
451883739
1784518687
1636813679
1856158079
1978833523
562092424
55910059
630625813
959548894
1941370757
1787108206
1677761994
1102758734
1170197095
1076640355
1767271954
874395372
846209490
2125741623
264006024
17772687
676024564
441569499
708455542
1178512154
844368850
1281518456
835356531
1655609202
2015659966
267424497
323306023
1863062810
1160442085
111874830
1115883563
119954030
107374341
494699082
427819531
721004153
1917965115
1094383674
986168429
664876659
854395130
859603095
758980427
1081661658
992592920
698053867
377182043
1046894635
1854486018
1077839573
1018737553
5019453
1016067088
552264952
1466079418
2142099771
218183923
107185286
1991888201
1830833980
716147531
1467955556
413695791
1091544449
1212152661
1406134011
134186467
1744300618
496912834
1586475931
828277377
292669525
1093888419
447596683
1046650895
1018015476
575991679
715311281
1987171802
989536713
2046500743
818792410
280276479
995297825
78933217
1008544935
1655616005
875529195
942169120
1163101973
42319784
1894334548
1281940181
300877223
1166714801
620378112
1961901631
1396364082
924424448
193398502
1872444189
754730821
395245996
403434440
2085701796
69366578
1190490177
60818766
1266876557
1098724798
895221544
949028542
458042950
392798049
261043236
1170423386
67657544
1043599673
140414456
400910167
1081599624
1984766098
1019697703
1304781173
13133063
267708682
242248915
1720354879
960301444
642848612
938882247
1844184033
1458297170
2057082604
1069338000
1329925537
1096578116
1206152065
2020987334
1515110908
207742404
120840737
73518952
988199518
1765750019
1070260956
1706123365
37963901
1110410826
1637600099
1097337143
787074386
1793441647
242934000
316874666
1195984309
2024063332
247463618
2127109051
950191764
1548773610
826002949
415880347
982205135
1231595619
653029444
1180584915
1785566387
1231236292
896673388
834586753
933848338
544022441
914562681
498083008
1473980923
509982850
1730556351
11882278
1965233947
771452651
300875223
1656758886
964983216
1868611610
947020324
332190998
2018810406
19569009
1213271041
1577411468
1892146512
263821876
673602441
1061058017
1151172420
1932557908
1929677570
167076887
123068883
411903082
176923366
1569659479
1342998373
824772158
762278554
2076144169
413854615
2058816816
1438471773
551201539
131294604
240756106
1805641395
729775291
2091903247
1205891411
2125975458
1400795453
429584738
967306602
326362284
459679517
1325670131
1763554738
1992234525
137182749
2099164863
1601149547
1766600948
1989626315
724729152
103643292
1577939820
1053494343
238356244
250800044
771530790
410147618
1314470188
2944529
414767604
2074095715
1713656493
954273568
273297988
1254066595
1223916134
220079106
321877031
1746261848
139618799
1368691143
1364809213
1477303854
1991471194
1171951252
1736367039
481037457
748856985
456804344
1793676265
341534280
923914092
481483869
588445954
517097531
125304068
288504218
618258889
1212180053
819443257
1511854757
1429834238
1768654212
418379109
1729838694
1511513546
1492554717
243792603
670167462
1800884683
115794141
1250659591
186279462
867054016
431314891
422371364
1658495181
811331534
1475722809
1947926420
470755577
1532485229
1761351848
1817784664
290299156
1072549532
528200817
349512817
2146710649
1167174468
1505192958
1823284959
1836986226
1452753371
1305407786
1495034984
735428159
671091769
1286618451
1018750364
666525621
1247564893
1327002028
1059217774
937067220
1063424608
1783664825
1486252262
636959639
1499131266
145464120
1332956653
1190922547
787602428
818506022
1381937250
1928838027
931583856
2026075348
1013742299
1611527941
494046837
2048922255
1442799374
739762038
788698543
474517288
555872719
1966149372
855241611
582127918
213546425
1288811061
1741686160
989545286
1628257415
603312813
1711803470
401878934
1131123449
2125548120
1507312864
892340846
599187290
453245059
2108343829
875640046
467913846
1590143561
1281156343
282232773
228256312
1599526942
1881282553
114477076
1710521829
923822728
1047601852
894388336
254729199
632149998
1964045438
369121287
1889158519
1763970441
1044202271
1028800986
996860770
580695415
1482001617
1881128488
793843990
1964805102
2035436124
1342101483
1564608722
717526413
1911471116
903833723
358466472
1432824014
78797624
340421457
335429399
1686559896
1483446895
285445095
1498532425
350522865
752762432
490893242
1746230501
1168297681
1197474453
1574267737
2048321775
393690083
1139293372
2132599168
617312902
799563048
1942162016
1657350592
1162894479
282192617
1240936429
364836218
2139893027
1836527620
944271490
1000039387
1884871648
433491490
1822376570
2068307109
635060865
1272564553
245564054
1515296008
561823000
971794062
1630269384
752959658
2001425386
2101167591
1945950623
1245024454
1671981287
1974742815
420023114
634078064
1273594564
1287167458
738827594
638035190
394686391
384739576
1273886648
1986430307
135633358
1298647183
912650032
721077277
164824813
663777200
1526761049
497071022
1519197794
494963412
1942027794
615757727
153742887
224662928
1161592379
1267506816
1042893235
2140281195
1257062582
1554274821
2033433725
515606480
1108134775
1678694219
378268174
159416607
613767974
1228659000
1488426433
936491741
1738757744
749197055
277818394
703387404
1324492269
1870987459
2075543489
1268620950
121406226
142912595
1424837658
1239101667
1233053019
1139510292
1515442050
569858698
572217365
35598844
355807015
1502045475
457745093
1426161850
1223968388
1880150587
111890053
567725300
146859128
611947361
756396072
759009448
898709506
929198429
1171572616
889893556
285413019
1604978173
1455544199
1264942651
981410099
2144959363
340652418
400714361
1501547054
884994032
1844084322
735075956
350893714
1256018143
541269513
996143057
2124382040
1707995876
1573349059
2093352190
1966786886
1297975745
916028084
1268836368
815378027
1464007940
1424728642
875274810
487352544
1370995606
464346909
1087620007
881389613
64178217
1041394402
1963151302
508720611
919427736
1822605731
1583744833
131322315
1910464332
984648265
2043952102
34328568
2122424046
1002409376
866225815
1563450933
791327838
1281603282
1544965011
376973742
1742252204
1708045713
2105608819
722224958
1314707493
1684793384
1443311861
710742878
197402135
1993059883
644509824
1389447056
1563891880
1447620703
1079501005
1153031512
1849059655
430898505
912449881
515303131
1142770245
1288463442
1294740664
490936083
1785113468
834673043
1100580030
1518162861
897722413
1142475843
1518913142
1059277440
407455720
791869882
221313790
1738908841
2071633060
2134959905
479093289
938348871
1176989679
1202736057
1910665228
2004419024
1163234625
2095388630
1451611432
1217941302
1322932194
2113860907
773187621
1347682805
131257403
1549148765
1363902391
399121601
763415769
1852756088
1848046523
620815284
334475947
627952287
449422629
845077017
98471411
222656798
1385383232
788489595
1531628631
797690634
266145555
1263552616
1144561172
882692247
1720448224
1309265607
1563341906
1491103734
1191240646
1184310739
1260802706
1925594856
117333894
1939995059
713934147
1475422948
554489954
239866552
394948469
901593569
1994079521
642993202
1443414437
493112769
372206384
1552408303
1903922102
1395356762
441597666
759339345
1804680193
1221652001
933045720
1460542715
357174651
1473570933
669654163
1528367572
1205004695
670201064
94733607
1705686401
578192759
903315583
300725819
499626116
1572337302
608934547
623927052
1441761395
1714282302
2142578746
2023425786
480205140
951882107
542201963
686298504
694466604
1139896582
2024422389
1376615077
592133347
1325029240
2044075311
1727627307
1286270925
1829969950
990154379
1865025050
1346372523
521437192
1445620722
1240605649
1100832638
1985067013
1166293340
388124173
1544060820
1905973426
1459535829
1715877872
1640110275
390618668
354567243
1681695485
1751348545
2136970463
1488855284
1725230400
1543406883
1937717629
1198803806
1708924811
626277488
1485366795
829616404
2124242394
584349922
796065301
522384618
938851288
433342776
1618471938
1760868070
1473877883
2031816762
1762828674
1818308811
1873394634
1563729227
788884771
139202883
1830333886
561902756
539449091
162299184
497148916
1611639053
1113810443
2103009639
1099907608
815931622
850055624
573597482
144090269
432886803
689136855
68559706
409127073
1750179765
1670679472
84007441
1978047843
80129807
985902300
1281567604
227626199
104224770
1011983593
1795376570
442338757
19825953
1240911735
239267290
465305709
1078552432
731205488
1873291477
1463078598
296012222
585263189
1305538461
756710212
1563754396
165862067
931985313
1206403371
804096505
1628657076
934754806
1040735599
1862347611
626339793
956859171
2044904377
1989985724
1506326693
1730606473
576381323
1947991039
1640076765
306907245
241906042
1651257613
538361164
59846052
729251994
1745125671
1011817305
1874378000
2090254613
1609463211
1054054962
1990667336
1128207826
1746744396
171724839
1595899787
756534297
1500127923
862517342
63356676
1609752070
2106526264
1257965955
764129830
714569572
129630012
1763840797
1494894489
2113499209
313664550
1961319932
1229803966
1916964828
958094306
1643541194
1164611966
675962476
1975904760
658339507
1008475128
810896831
798894594
1550870531
1919618867
812337386
154795219
1889615141
71161443
963223821
284396048
1463252694
1381952346
983183768
1897972678
1046291759
1487981100
2094619452
700649152
714451580
369070230
231219218
628869386
1478793515
1733093900
443064283
782794240
47660768
2083156574
251057762
940573201
974818982
378493190
1774951934
665014294
384842815
106475280
1454774323
1088987721
376502940
602958246
2006433400
1968496867
725020520
84788023
810646804
46080086
560631230
448939332
1532254754
2094762276
1566386684
464610503
395201203
971416410
1723840687
1560623936
1209268242
1241489325
1203325613
2131854941
603084578
197122095
1720186946
1480505413
488575972
1493656238
1527778690
2017657389
1810808448
1891365469
276305768
1276677406
150884381
680260620
278382574
1333491583
1095506406
917012243
515015594
905738291
1979495977
1517863228
491477880
614536345
310476616
248189569
1051526795
574672927
1499088640
1875724319
843489400
257837415
223084486
98099027
460650094
458228434
565533261
1322572212
723400068
1505707971
1459124517
1676854572
751889451
1698706985
83950717
908724628
619999427
1621923500
2145372169
1085027819
1193795401
1906036083
627705086
1195288371
1800273965
762105232
215941690
1116832489
135760449
612079881
317764738
468819743
2017612238
585791364
121944291
598905399
2069567169
343911822
146791225
1946666046
1555612675
1411063432
969687758
1616313314
1187189222
869524270
1030391578
1828487442
1787010490
126123717
459280041
346066737
1663019136
151846113
2035890714
809464054
55168694
243065296
1719401795
25247714
1662921553
1263237030
1724885106
294904159
2085648329
1835246054
2116600782
2030664562
138074958
1437663690
856948445
954678045
408238872
558297622
40611625
1328921516
1758991575
1238554726
1434368187
1975043031
2007649081
1789761901
1654793879
97324735
368627091
1140776954
1264201766
419074269
1106849711
445776580
1804760636
914492595
698188158
68525778
2007352872
963354792
1002029435
657454770
542569745
1894661061
1988073177
1638028539
728915868
1213911781
41604552
1606689903
1976897468
184372821
808523601
832924405
487554200
729060414
628272166
1128077451
2116580335
839957584
1577065671
446658336
671596209
1835739179
1857880920
233805052
1049865254
1884507353
1761439885
2132585420
1042345262
608459247
45575617
2020257358
1435869603
2058352699
1512656422
491636373
468337119
1469975189
121501546
1566643377
1396022105
84474828
158819875
1751179956
153952533
940221723
17568468
926988443
729819023
323265801
1111451356
1609346968
785680117
1714827973
1165149047
35764559
1680186696
344548479
532875072
122123581
2050754498
2061118054
623694022
211573435
1117065939
1645584497
1494071290
462831627
648956924
547551616
74742793
1707049347
1898091114
705503317
2054367689
2001980435
463228857
1828400691
930084688
948618866
1314077401
1026257169
303498911
1368122090
610263184
1266691401
2035794159
752246221
130500989
1543365111
556835534
2055804649
863514003
1064048103
1720265202
2071475020
68547158
78750686
1806117342
2001224355
1134808982
495538624
977883800
470063029
766577714
322997403
899732193
757353208
1929408854
487165886
78365084
1229233076
819792703
1279515700
39411357
296324545
977340290
857684118
197582456
450321906
628851241
1104712842
1745084790
556700446
1261093620
1596418524
64628641
89380300
1189989569
1694618935
573398021
2135572163
583860065
1375042471
234222420
230743787
696653571
1766674248
570861921
1812032899
456649929
17401717
2084131534
561401365
459783235
84417917
593738867
174430819
198293213
1780416042
1099768751
845613396
1238012289
54322103
624533983
220273177
455150170
108238191
1239653613
263794746
1158858932
884492004
803892992
3334817
2054953215
888697032
1413388113
993359043
572532466
2020416875
185001502
284358342
450852813
679232209
1535063479
903560852
739018422
630678639
1837654709
1811775771
1340769605
1409308290
602559818
958264894
870343195
584097037
340004276
1880646870
1857492717
417219135
1627042861
204536623
1664858958
629552794
882938523
139935944
1812648004
1875825778
1958644666
1025904465
951331940
415659247
541673738
916403869
1097109814
195385655
1389106371
679656431
520250785
1085931282
615051988
2070527553
1760781290
1310435137
315142455
1224676656
1672904531
819505015
594701152
888321159
2066432477
644719096
1744474831
1758166630
678560815
2143968461
1688776389
1326173710
325353871
1685754529
1773413651
894799555
2085199144
227880860
2066622914
1870554498
1314512434
143063705
2011246288
2021954476
1913174643
196855762
367545993
1132679210
1014916028
1023801816
1581964423
1579715313
304537890
1075593947
201548645
717156103
671213894
881385151
889634263
1901181750
759619247
1804866777
1394765524
330120011
1489563731
1156766534
1142098669
1830898699
2030403637
242619880
1412342977
1831612927
2144200543
135778611
831205180
867527814
1626577152
1546615334
331839817
28716155
1131431539
2039848495
9751618
294562052
1397164118
1771070804
2779753
1648968959
1363777324
1310694368
599994122
188252582
678208498
1697094510
1636780408
1641585383
1696796862
1329713650
2029718425
239924606
773076028
1078047243
1011906087
1284478157
290740463
795880992
312213185
2036702341
699838100
1554352918
1719035163
2045903597
212447143
1781228715
1243703638
391437778
1071455487
164912498
2033210731
805458956
796971412
987010155
491940800
1810029992
1777416677
1784698006
1024665828
1277955907
889473472
1245758102
312787178
2141774243
1321497273
1620279035
1695064760
809611288
740384534
737978200
2036536342
598742470
1362377061
354685328
640474739
1522754236
202420992
23452974
1978666550
1798946265
2053681331
1744076898
15209778
620313435
542302068
1290037913
923034169
1072665093
1543934800
1187051192
728473543
358594796
702771815
994838260
1359932383
1078941663
1405193742
1243173555
49211867
7697252
1366272063
79788441
1228825299
658507352
500686982
1943342891
306495288
1023026346
1093025958
1684443544
1397548370
125685914
158131498
1992085709
1069271073
1587516195
47691392
1479184756
1747090418
32357728
1741251787
770141575
549937877
366941540
117001773
1995183357
352095647
2014955136
1271174038
1353434286
2021402735
942769624
287629602
813716325
705746881
212702279
1848123906
1681272148
1359591500
1483607519
75165554
1572162784
1957791653
407523660
1194568615
275122201
156089654
1999637216
1227698004
986371778
666849346
1395266683
63029822
1328418989
1005284078
505359920
1755604967
2116679924
1162631311
2003863426
1116473765
768641215
1319516789
745443835
310511890
68913889
1537404241
72058782
1692939788
191931670
1657547304
543127471
1747434680
717912795
425140706
975443484
788115869
937092074
1830770397
522049415
1729166827
1887424593
340989357
1685488625
1382518239
916722734
514543436
1810237956
7127870
1874785545
313631855
1414069500
1928416766
983804040
1387704656
807278367
2015098350
1156475835
1488056316
1048778349
2085017387
656356938
1160644380
1914903811
1741065125
1709699110
1635383432
2111525105
540050940
2108415661
243566667
672045618
2116384128
1531836862
1026288077
1281700944
1902729881
1262086012
1125033683
124515745
25851228
747535748
1511816657
1449248071
1355039808
414662329
858586505
1082462330
1201563790
68512763
1821017765
951670094
1138400125
813450949
889362902
733772136
1279620731
74132063
95895790
252013606
1274929966
321108441
1467713839
1667531693
898348212
1607626028
1238692706
132669581
1066881796
907318767
1673696007
1388651027
411925107
211269043
1612820135
1741575468
1894265171
1613864955
1139987269
208709617
1124480438
1108247003
1354722547
1721699284
361514320
1107921196
1745819264
259493988
1717551482
412517736
526185039
2115952832
1719685459
493780009
24149571
1746267542
1652442113
1863764793
1199731926
1354493399
841323797
721031765
1632464201
1919385593
1873856335
638662690
1796641265
1509596718
1612484611
1321085474
915144536
96483479
410352918
1434536811
737518125
1466935128
1938453583
907816632
1374192118
2029852806
1382991123
516648021
1675286388
974994791
669472812
1009256534
1145797089
611506571
1592358206
756965934
1557265251
1106070774
332683832
1108660125
2036783050
92084886
655598037
268570129
499160030
1232464428
1246384191
5482521
1032254823
448003747
1963500005
1210041894
1435693143
2006135640
1965953595
1581190859
11499616
992293269
166428249
572265069
25504023
2012315771
1937128219
1993615624
166256146
199280112
2117808867
192129117
608022794
1769212775
685219681
816461360
507364247
1869511986
1623790307
1156837871
1932127795
1731010229
976481894
566815726
1821154310
1862248936
900941407
749566194
291059208
925269394
423522481
1979432174
181160899
1602464168
1679024184
1777674989
840822300
204095981
335549760
201907841
1004299731
1769792720
779693029
549393775
950394256
950884198
1771441056
1554630735
1865044403
153906925
1010800854
1903511482
1082767569
1995899448
1031438734
1440329048
369136944
1989530142
1260502923
1263680756
556902621
148857126
2011834282
315325753
1274386653
823614414
1588350305
1029169676
2102153595
1198521208
504487015
819888773
498539968
1032744434
422816371
1244984459
1434420225
1064954784
638051100
231540746
1113463186
1911408200
500420575
2142288852
168847628
620571983
981374137
2090911229
510836857
766371406
497574479
1676688459
133547290
1442504238
1525528459
1546664876
686042310
318186400
86523090
1202225700
43040818
308646386
422192159
422953826
1768592360
1838578709
654506054
94581725
1125031511
1481686601
1708318293
62090122
1429953795
1259470951
887966486
114457143
283400925
1956942538
819613361
1341040519
24021421
541454299
1633007726
1880291467
1920696491
838831160
1222472857
1488336121
2109264430
721698689
1926538878
534955531
1594477180
