569781138
2038707706
506416217
976047083
2107007479
1745391945
455095833
1597085610
425835534
1232277612
57282221
8600064
1646560075
117944816
1074671392
188801130
281898630
1826769311
557763746
1212154395
1503321663
758412439
2097628054
1841234597
1624267523
527463686
1902952902
1649317185
461527016
1777882703
639463075
1144564171
903018465
757875621
328914637
2070839950
1143136668
2022098381
1459140649
764165667
1855907895
253066941
109148314
1034587845
1103129452
1395890600
1192453299
170394330
412701916
2046376320
1951159723
359536893
771136591
289285699
628544137
1388515794
943071834
1544756483
1920137960
1997059213
64890820
489763803
1923773663
1012306201
634616170
327524364
1915835005
1140966315
1462296394
291426341
457984416
1634705
11948996
360402746
1197838243
220184566
182195100
2136039874
1030651444
156151124
985623582
1719490066
77427523
901175158
799738204
1676288626
1421639190
534239273
349611667
1118276313
1521781625
1957593727
1760961196
672835659
1103749907
1806035647
1269701342
1525238731
1798957013
1958789868
1233931632
189683453
1001860491
812103152
998516380
1041024093
1606423956
690621285
458488208
1989720342
639452335
856194561
1757251470
686398080
1310221291
624348827
1682216754
626901305
844152513
1899970014
1565556180
549979102
278556733
1169929865
2134482179
298382183
606990678
1040912992
1897526834
916013853
481884767
1881506739
122164847
688420408
129943958
1956236680
1565899854
558533913
155517146
325948519
543144420
1960905760
506162298
1169535427
1771222255
18306603
1625302313
1944065024
1478526739
634385580
1166450445
712463653
312221759
358614886
205477878
457232928
1844309294
982496708
539424428
1100524720
1106306058
2049579990
318688609
192659955
1231583531
1735707881
1163776325
1264992140
109174268
571385281
686307640
179183984
1117195263
1505183861
1316820379
451641934
1032863207
888945639
2024559424
200624281
522754274
6179039
540851071
697784883
1017440250
1137790660
1546691434
1494229175
1280797585
639789558
1638997016
87410787
1404690186
1551099338
900896286
897598368
1696003719
1564218403
656607772
247184688
1758377676
2041300138
1679874163
1014481651
5581122
129152425
1882894868
1929515862
2084638232
228849801
1479277684
931174233
322457220
610395110
906904219
1831646010
392302887
2107166028
514811228
476755907
1734505103
2055824529
1724210335
1025170989
2095186902
1356278479
1211333594
1169021104
1029919079
1130176251
1369590686
1256038824
1825231841
349329959
1818896974
1359729509
799132948
178910544
794953194
852587151
1810019112
196424421
598122761
1558230324
1243999196
759465429
537130213
1821896816
1081063916
578007123
795959952
489518776
265051789
496423977
673875269
1775161539
1014337810
1728179894
779720665
1980390165
1301057200
1816255110
1835368273
1744892457
2007376990
1190498444
524594317
1909323578
681194710
2087191294
701966113
1139709870
1230920889
1115065293
538784580
97902880
1145796303
1221953728
214246625
1659489288
623370860
1996775212
1239552459
696125193
818712046
819708242
2126918926
1101262039
1918429026
1899277879
913765728
1198763715
197784902
1767132630
90022071
1718181349
294320489
338709550
985075444
170990821
1482301423
1742812231
1257602492
1466459237
12704881
424910359
384505704
1896801295
328185665
1813962938
491304722
1279273526
1899719883
838302508
1608752080
2079841323
1866293526
740101792
91086077
481618207
671189354
822568063
637047218
275562928
1687424524
521378304
1909701972
1829125650
745997861
1370106720
1716466503
52722907
2086981569
1793603775
1134609345
1258595434
372811250
870448791
501687225
1849037045
988755733
381295577
1845895677
1436752174
1036721452
2141773734
1695538019
744043410
289749610
1447590054
926400536
593618510
699341774
1252950025
1292327956
1986694094
242066407
128514584
265942190
1787794915
1268015030
1551664759
1352871243
956340623
1183713200
1449335289
1591084338
1895632240
2139410146
1080441888
67412091
1149125832
109396527
1688560175
212233766
2137116965
1090558389
1011393006
1316576585
2058359985
1853849166
1558812154
172749665
2135781144
807691570
1052765638
1556690376
295767825
1982645178
1677509426
87849031
153293452
1259502911
655847366
559039171
1811169142
694357281
218119051
1924964372
2050768684
771231460
1826152326
578045939
1672472185
471131764
781743570
439694865
837792845
347861469
743530867
1986702832
635922755
113986104
1728435356
1773270647
721560275
1703827014
1672212472
906605543
1124712317
1714689245
1676178044
751670556
326619131
1947904966
392607986
159496070
1912802999
833827008
759504854
2111450353
1067845174
160546974
1544513745
1727777919
1275687969
283944587
2080357839
1273749688
369988337
787969390
65964991
2108384440
913708087
1932727656
1700990694
391357063
837760390
1176102778
1127877345
1926571141
744421886
1939816772
1173735477
1121389572
2136748661
535536360
279056788
1791229680
1364565571
817047821
451447471
1014169257
755895978
1721359616
2082298546
1110284785
2117539552
1517397236
491897953
154799105
650277563
1138210410
762963405
195492534
1234890232
1307806892
1141668274
1090495977
91764264
1643611507
131535984
1474984412
1376624952
228812200
917436068
195106511
1368035995
1082861639
248393571
114294707
1222887702
1097374048
900622355
987578870
357007144
1399086904
497964005
1509460093
1762846739
707474316
157572338
684469168
356397963
82718453
1221642481
1095626926
639427066
406399079
726347667
338119073
237163374
2063092435
1554693243
1553467693
1941642016
2083922669
308696797
1219730178
381960610
1731036936
1575053490
1955066770
261504932
375315228
1433116565
2067695836
925965154
982405866
826646845
951764581
855093934
403239990
853691800
1572769352
1825102741
1164458803
708561024
1599371621
50439601
1063805693
17638684
289974453
764814859
593720384
699739350
1442060734
2056968106
230906870
219438068
1234973144
542849532
2036236774
1042741053
312127942
1754896892
1617870820
638525565
671868063
1044828914
284980342
699945820
885082755
1591478972
1960395003
911841570
1115985539
697999602
1863118167
1938213182
522345549
960368555
46111216
330145825
556574464
602853097
1471008722
1532438969
2029447966
956286114
733098227
1710954888
598861215
1322150764
1856678544
1613908577
488970786
1211529668
1631267765
208617407
1902953023
51147770
768475612
481764034
645799928
77542077
1842486701
2126730439
35734861
1157040191
498704868
672879010
195986158
101305860
1690254929
381172603
978243595
872793420
673118456
1816070722
1675730248
1808389147
1146562392
863238352
589276364
725633250
2085648841
685336987
741960057
1564077771
974658302
1242963222
1462318902
1379523750
1162151339
2002924451
1767609959
1040124011
5362240
746067254
1380861054
488589675
1514561235
318634119
1198842795
1599607576
958452507
414082035
1475483719
2063743186
1100472539
966167091
845720740
293224467
1500464226
1367021814
42223545
1443871791
2146239645
1215437968
1934243716
1045620758
1872021389
558164392
324953836
469745852
856009235
2076148281
555298610
227319457
1725668271
1827468074
776703621
1817484796
772502627
1850585483
262075828
1254831184
864106066
171749770
1415253887
1911957364
1152712469
18927689
1393786464
374776263
117955107
77166938
494320316
1905502699
2051878756
2064829760
115246944
642604084
428551589
1434599982
405636056
1270511161
1746968310
82112292
1261117876
1429585953
1495848140
1509776057
386600706
1543658192
2072889715
921068437
861362341
893819972
942328596
1831222347
1556552288
1000641976
1054696483
1832778611
1662520882
162422494
1027676283
1724000124
279614568
1192313323
1616850848
1902374665
1003811671
2083086554
491032900
481613889
2142756013
937305433
1948362725
330288083
1743566306
7131557
601590215
1133011674
936297249
589459978
589815934
1253270179
236996803
788630250
15817846
1880925449
1308555061
1747000304
1095099742
1922645814
1029499806
1708286114
1433628199
484669597
38416255
788060557
1071362526
905466878
907526442
633592367
1111550919
937934601
1874410898
1533969249
1194766967
421161945
6165819
774158945
1003103008
748783632
1809571408
1486636667
152190698
720145295
1430943187
1819926356
1413839996
998963410
407618030
1309447635
830451609
1726187751
470026089
1172742573
296978663
1638391049
719643701
1510030731
623299805
1594989643
453176819
1155115209
1316067309
790253290
1058952125
623381985
782779414
289936738
2005585530
123660683
1785966249
1462662254
677376816
1152919990
1633617830
1691694746
188759813
1873246672
1080110418
801526486
1151139112
2064475929
1440787924
706902401
1959341343
1179278124
550229919
711757586
2077504092
521919322
744726216
1885153345
494384399
2054416661
899326214
1506347371
1945656057
1103912792
121186266
1798871814
1472199519
965901492
551807688
1361570751
1702486041
373081081
1644000195
679901746
1865467338
609615229
1438001062
1560780869
1744268586
627753740
396170463
231217698
807382910
1962123372
264489510
307937999
387000361
464286347
1428789099
186007659
646948188
1709854535
952548046
1495202311
1657975274
2097930202
1364597704
1623478558
374516279
431273952
402937447
553498802
214232654
2059588359
1653930166
1019470853
227009296
74842962
898201971
184152913
608697705
1528262075
1916847897
1874230566
1923572351
612604832
680793488
2023354884
1296031992
977020113
190194491
263636023
187570022
195470548
1725980775
1791020116
2110576499
2071366565
1828335085
1478524982
2143300180
578055738
558507003
664297364
1290725978
861246898
1836434156
1090932796
1026237351
996480793
783814738
1184928334
2103147350
1158083335
1765048562
253566036
722590014
600273431
1628971795
954489212
13880214
220683002
1413381403
1290025326
355239398
63456960
1597878025
354606163
835180708
70829027
1108976386
535377232
252377899
831110736
747787667
1792744096
801293003
1150164501
1971265555
134348109
1933375737
1445815976
2136016676
396960395
1049338535
1052033233
741617496
1253955761
294398639
1998485813
1483258351
265535957
1589215592
2088672641
325938111
278195955
619668315
1103364655
2090508333
401022744
20322576
1130863352
468855383
772485185
261169665
1612230614
1817240718
487668492
1774214320
1737693365
318299283
1288418343
17456596
1580550581
1974925664
421037540
179530086
1429261802
1209472295
51481619
1103243014
1744513365
1534619193
671610585
717016432
2044670379
1497272422
1547662016
686248151
967630353
646803211
414159605
765124346
767108726
841068307
706025464
912684184
1443781491
389539142
653075113
1373097448
100341086
1796642241
617987441
2078504088
1809920893
1880945775
1669673556
845516111
375579414
1960526726
1983157077
699672573
2121432877
1908422222
1946489624
794318193
1478093738
10124563
1694881954
5674938
844064255
995202576
119507262
394199795
46918766
1788320697
178822430
1789220163
2014065865
1666994218
1782386933
1783542767
914302986
2079268968
2024183727
1306378649
1112148306
626639387
844154582
771708272
653156430
1030654013
286895907
837671857
624387112
2112930564
1507323236
1962208583
1510717862
92520800
1361226792
580739118
259064154
43495149
977764598
2108436916
1558036041
1197072286
1432924092
680941375
1791519658
1657497533
1686386986
2116891773
905672393
1218557540
101552411
1285494957
992325534
1460563872
1147511641
521075797
425812314
752293188
94397126
1214718970
380651923
1114159898
1156495629
1070814597
194015811
916592978
2106549686
521060060
1483611726
9074519
185240380
640831393
3820656
556790666
1600032962
1573885926
25930286
340906953
1525913846
1886660809
439450336
815008002
917001374
1688642469
608686828
1432822062
272680589
1474674097
1498008806
447629716
1161066136
884510828
73545251
1934934412
2017630770
691420983
394672603
1445492574
2077355175
798041084
749530385
330987318
1986674231
367103334
162562636
60734665
399377535
577138739
711084250
1958399477
279805787
1370448944
1187744306
232015613
1975399196
1219549293
1631086667
1677591208
240219922
1183517033
423141638
322210402
923189259
1305826055
1399381563
37103233
473815145
1772056478
2050800735
188510371
955662303
1845909036
1863995855
1148807731
304254152
1864599978
1796907195
135805194
701122851
897108858
810483122
2082589746
1715627311
434586364
1445074117
1898433221
669776287
65031233
1173083995
924602100
1558885243
737099735
716848273
1617104675
1639965587
505324995
893738571
1947252530
1431096223
808478093
1503927516
1268208599
1578001144
1447535989
406786894
1240125991
923692269
1536318393
1497024630
324631817
118493788
412863698
632295352
1671926766
1243510704
1426584320
109398476
924132079
2122953410
461488903
1066660247
1282081506
1748353349
878396301
1803310942
1135570807
1371451935
122831966
2034966243
1437137566
321830313
1526138021
1006366994
809731306
770381440
1967059992
1929003776
2038747257
314138828
968993009
307175395
