1883765499
1276687554
1681025503
1812662576
1457606389
456744748
242153642
654651039
469075324
713634236
279897072
300864265
1664238607
243976429
1734656566
954375799
366558187
1919888255
1117609427
1218941483
2059244730
888153153
1843096564
528597110
1833439337
786050686
552628666
1321232440
1411406359
2032697094
188979582
1616383474
1716458025
804541400
838949428
199675017
1444104570
1780569193
859501293
736802714
1281310128
373517459
304798838
1918224756
1645955242
1482107933
63140638
1755870902
705369365
1076647139
1350515349
1123262854
1319127582
1718804898
1430142448
1614038635
2068250690
1087729506
653405641
1627839688
1810592064
1762694016
1276313220
89523446
1287484720
1847937111
896526508
973585916
2125299374
574438027
1913441659
2053504238
468183086
775577841
2105155960
1907564511
1842250867
165144862
898998075
1168660100
817726491
2069439115
369370188
35895910
2020074066
1822667362
1763260970
2058186947
317237927
401406439
1835461991
1398198274
602507771
947337606
2096674032
225190610
697580693
584686197
1902529387
1965114078
831228755
1284958469
848788665
90891566
100772348
653879691
459278747
574231069
1296885936
434557413
1865081712
1559028467
1312344704
1598427563
685646364
43990815
1340125978
1195455220
555038213
28832530
910327197
1002978754
920975415
1194990266
1477078667
1792976907
1521834664
715684249
1937707740
973831269
141990549
810023554
789233199
979173709
1504966410
115880176
382302748
1584614163
1994657153
1538020867
1591564453
1469170278
704061090
826071832
1060649930
174999928
1688575273
1475431427
405357627
418728397
1871022310
1266932460
544028968
237278373
160643037
1817939907
14965557
1494458372
583159693
873444705
1686451337
719211099
292933710
1310113340
1137383430
2031087316
780809427
1748794055
47718803
1174352959
1275774928
371137380
1005431188
1458020500
1742434741
1563432967
970669435
1259641636
397566104
992851816
1588809592
12724065
1120996400
1633390564
1939205964
772948550
1042429949
378272753
299171387
1798990948
2027599238
1995578428
2033872928
628853387
747948218
307470689
1777355674
1630463761
138031224
153827142
2073246564
248888770
1192162602
188746773
1634968259
1212505188
217005964
1673825492
454444824
2120253925
276076939
802558370
1858388117
770655779
1868241736
1842926480
1133446156
1035039832
2135238203
977741337
2074245091
1566302753
1157918836
1455459904
1550853668
1936715049
418988541
1242886469
518176177
2137319798
67429980
626111747
2147366037
1494084176
1411019829
1578781673
483261813
2049109961
1372138763
1869825682
547611173
1106977518
1263392551
2134811908
427341143
1853254280
1106023313
1771684226
1021390190
1248805519
2041238075
263769870
329013872
1316118572
1243162174
2069988735
2137409818
1250446441
181853244
1785083194
764445966
406175608
66409700
404495504
1779125288
622470813
1065305491
156989620
2099602670
1163943608
239608088
1069902935
1869982245
942427507
15338128
1249080802
306216320
2012259076
2057098352
1182125903
677147508
398634655
2088152481
474067365
524069415
1509347196
885997254
1309021710
511466886
1378790528
34085273
1701654166
758016630
103480459
906591347
1060794498
2020381474
1204111709
1718651882
1410902603
156071539
605206309
484197524
90783542
648367262
511146664
1427670745
1922908817
535075542
721635338
1882898248
1496501387
187248675
208249917
1245301777
1652327089
1145625931
2079171331
1665328112
75427329
1919056364
457653153
1629969892
1980684461
1954080939
847314466
1675321197
999656813
350547079
548377412
943426525
219378305
2049294663
852562180
374342245
1824987714
1055230226
1991822785
1713701210
400982884
1644544285
290257935
473282430
1102701259
593039230
36043035
1517019952
2026041606
494066720
2138298294
620691873
2064733548
1305102031
1250775552
86503488
571762897
1098198070
1750330290
1254752824
1355033061
387517786
1397468935
1208003599
1283382570
964347566
1551994440
638650223
387347089
1987260678
46273523
2091946242
1860201136
1797117463
1439869831
1325834870
298620321
16256907
939158767
1264863904
1177724281
863633642
936113288
864437692
483143267
1738014389
896561617
493811667
852512345
1437734034
1112323758
1017277237
587191934
1138785440
1113305433
787248422
2084859931
1701247468
1889950438
922305173
1106433845
159787005
1383580784
470462215
745006279
1862332810
2011991269
1293477779
1916388002
2073919564
652716396
1154677766
640828125
449583086
1139477102
593240102
442299642
294874656
829507400
74219284
1682125462
1191784906
1926109835
1221108427
328859084
1226216286
233707758
2129695173
1724459816
406044742
1680518353
949478588
1567682883
2000839549
611188846
856307341
1208653824
1172200761
2025005214
338915385
110272865
1149043654
2032747078
179933958
846620167
1973837678
478524508
227394243
795131716
463008660
1442752665
1488220712
180418782
1155516129
648125629
769700699
2079384675
1978367125
1406848634
100454031
204638244
884633855
2091893758
1023041735
1353941967
321448712
1493537568
761685177
1424745645
63018217
1122775334
157394893
1331676020
1425509885
1676850481
14961988
1938204106
448169905
748492614
834347382
911031639
592084887
1892849145
379035444
1863696005
300402842
1109691576
1408739660
115648727
1874146636
1925194929
565713464
2116778723
2001032539
643426913
787835803
755002349
587782179
940110266
630184109
824829218
1687373405
225956592
1331461043
1255543918
2041341172
598501857
1591937637
935498490
540783352
881582623
1352659492
1251850565
272667819
1825520027
1916581466
556456670
1918950841
955581423
254579456
1758217147
591432838
260036679
1673102649
36270393
183543967
874345453
1626209308
257269937
1232098898
1221147505
1997116303
1271033267
1285181785
2017289329
91446094
336320994
973742257
1521529354
1417825291
1357297772
195523977
932400603
2132585600
969938724
2092648278
1801185203
842615232
19652413
1322868483
1075766743
1792639195
904562597
849486662
490475505
1178681952
976311035
1670092814
1250672279
874662700
1887318831
2090705688
2092644727
1900148865
1089998005
494716833
597200413
787822595
1085125478
1549773622
310954337
1589917147
2014419615
1707005351
870849904
834636542
44422406
1255357978
1346510453
1252707720
1059821303
1265588027
449372131
1027376450
392372519
528968849
668228706
829531715
337412605
469320428
891302483
410178482
598167163
1240468986
1821662978
1793838249
221710972
532737274
38158951
52004149
1026792076
1181565064
531223961
223972730
407419236
1933265814
1698667984
1087211764
587008768
640332155
689685
2026870744
289998687
328303397
1096903048
1134605464
514823895
1913105771
551729229
285747078
1063115282
420592253
1712144661
615207568
1131755432
634976381
1743243588
1977038633
377121115
1087256358
634502596
1701394505
1737876201
2054516394
665970278
2023406218
1065192594
1374405019
1373414896
617309299
1948609318
840854527
282718407
522182866
1616146377
440422790
592167994
117908802
2006206791
469040343
1865975912
982933197
1766240526
822280710
1619617488
122406570
1301827020
139253282
1513422732
454525514
1108699340
697887827
1115408178
182431117
1711344746
959028840
532046106
1895786897
1086126498
648088012
1185022767
2025714899
1737180840
128543244
973705685
135260688
823605910
1609459473
539102382
937889357
1214107723
1084532726
1925496330
1162460400
170216671
169771259
924628713
685356044
767394754
1456492179
149668269
1978409658
495059568
964571032
727946593
525400994
531693011
351662239
2018685856
478522777
1883077429
2110986853
1387330339
1047495780
904974047
1937257832
1108252907
1224479643
269953619
600274066
1772659207
457846185
1874105379
106305808
1787904002
1885604080
461063021
49873218
957217261
1866159369
1309800691
968750283
2024621061
463610409
977833947
1053581255
1362960384
126327967
709009408
1684098844
190789625
1240317562
553888754
591765481
1385397749
1744648519
1274488764
123168207
1097831052
943316819
311243134
1749077265
618626863
1049902683
262639984
417684416
1141164469
1010821247
461622514
597993446
1119263702
1931519312
2000614936
1789386406
2090331658
152831813
1285381479
487427176
682668241
127958084
1194943789
1689548334
195297436
924165183
1250291834
795964933
482700891
324022267
941524926
1779002520
2492068
2118494700
958852352
243759583
944923005
1784720189
94206393
328781556
411411654
1947999979
689913931
312118022
2016019270
185881873
1397918497
1796945254
1228792400
2141636670
580645732
64521919
1302417573
1546897550
931989551
1583816735
943038656
711759095
375595917
600785981
826139173
47295292
1945909555
383440791
634547567
1255092904
480478846
1640738594
1481766988
1581369381
1138631937
145225244
1046685775
1540900824
1116564358
334902651
1523329652
1528859450
1006832620
1093281425
1123102271
443184655
2092702911
19881187
667135671
1358366162
749559188
702835832
983532450
867123204
1772174505
436304913
142188179
1075925818
1336561074
1909084236
1613189891
2008404224
582110776
1195292759
482118174
378222289
1893943161
37737408
1472014632
708429123
111850461
1846190952
1939747978
56407794
1511689090
1399876037
426290675
961990562
151021258
313305266
2001455815
1184057938
127562049
362158695
359544544
445208078
468201903
1800035897
1464319903
1886083311
1699637775
1821508251
1920773475
45713705
939114107
1591382636
1639008327
321574115
400877985
227864171
394177050
706913335
379483430
917442881
1672949286
1083835869
234519554
1620311111
673793427
1266736153
541325923
487065851
317514234
721162264
1679421131
1800423554
84110920
2091481035
1654568131
813277262
1929341310
906967232
1106135618
818669713
2109613380
1408671945
912122424
553383034
614933284
1174968202
2030896974
1427967851
1225095661
268235103
1136606128
31217177
1508962948
39211098
26905931
220450152
1096956866
1276138579
1912274547
2108892186
307973955
43516132
2125709500
482188706
1337268430
1300054413
515048313
1168283671
2099243612
824004088
1601826767
779829060
49473223
679465048
1998195828
1947147996
582954256
354209770
402842378
99247562
685649485
1499431326
327049490
1189858471
318715936
1352286415
753405582
2026713413
464444970
1055003180
370332728
755571048
1469287242
1091318459
2123541336
607153812
356853393
1458459892
2136682822
1499915522
1222267910
942296585
670677116
527540140
1864662112
5772613
1916866903
246072199
1119642957
644683666
1247830377
1131808854
1966995657
810787323
709295708
1919877916
1305537311
604305705
1407940958
237684074
160162912
178888612
1853907697
688082566
1623538912
472388516
233151422
1888115584
155088432
394275336
1165530963
831763247
698694681
550873918
710310490
1220649930
1557006285
649562153
680045271
831162262
1012763567
760363805
1954015742
510436026
1640026556
421525255
295760303
298372142
170432148
1844537002
301674383
816935890
213584681
1255398916
699520964
1657641997
462147882
916601844
722353652
440670770
865010548
1009899264
1409744407
107427060
1844688958
1689441333
705782498
1560589056
896409821
651419694
1826282634
1504457190
1427182134
293532315
1699107166
770078155
978334027
329508317
2016117980
1493965677
1425378618
182202826
1588740135
1553868062
1929461261
1382516185
1141484883
1920016791
1657671764
309486271
1734414655
454405416
2011803024
314497086
434227852
920034864
1616114882
996226027
1793066553
581977768
759632269
1568250378
1251206109
153681113
709991434
1008405141
1020158847
1476672814
882289449
685143132
314119957
2026690340
1025270718
485005382
442839448
273135453
271106465
164946565
1049259349
1311130448
1406675937
394009510
20604102
1993699563
1165492161
1588323476
1016623393
751594934
2073846829
2093560415
404322097
1344738694
278454135
684084360
761691928
1786546754
1558242080
1443745285
858517035
2014097839
403245638
1440052322
46941290
1670282855
4035753
654624165
1469332605
1203162150
1290550506
731360971
1787147215
88008173
1392606200
1626158388
85645275
70854009
1277425565
1669190792
1806379259
1477024073
476089881
662122263
170404316
1450163214
2124573455
1496079422
682806078
1432776422
435256007
2021227234
1450809671
594814114
1310230560
974563866
382084229
1428762691
1509887760
1379314153
432914559
1127696516
309947865
370116136
1371623926
518812305
1100136139
1513082243
509183677
828885
922633392
938014362
693662002
1512610545
1595077591
1421849927
315564376
231036872
1427259840
635249151
470119826
705637047
405013857
990360913
1565261054
529262306
2063847955
1188641164
1804467665
1714184372
783562986
1235907968
1187945428
206034075
202509610
93757241
653476768
304923502
523113224
1309057149
1706832084
740661585
362726094
1816193684
913527421
1095260408
743661609
1553625182
368833068
1245322686
877037524
1048294325
1498903219
1653042389
69447142
2139490030
624230523
1748707224
148502196
1018438783
1449504133
1461884760
655118641
772759474
1842987084
